1500
0 1
0 2
0 3
0 4
1 2
1 3
1 4
2 3
2 4
3 4
5 0
6 2
7 0
8 4
9 3
10 2
11 2
12 8
13 7
14 6
15 1
16 10
17 7
18 4
19 2
20 0
21 0
22 2
23 1
24 1
25 24
26 3
27 0
28 0
29 0
30 2
31 4
32 6
33 7
34 7
35 1
36 10
37 4
38 3
39 0
40 8
41 22
42 24
43 7
44 2
45 32
46 22
47 42
48 41
49 8
50 1
51 7
52 2
53 39
54 2
55 32
56 39
57 56
58 57
59 21
60 6
61 3
62 3
63 43
64 0
65 5
66 1
67 29
68 0
69 0
70 57
71 3
72 3
73 22
74 33
75 52
76 39
77 12
78 2
79 41
80 11
81 10
82 73
83 43
84 1
85 29
86 7
87 43
88 32
89 28
90 7
91 2
92 3
93 10
94 57
95 22
96 93
97 52
98 7
99 2
100 41
101 22
102 0
103 46
104 24
105 2
106 94
107 2
108 88
109 48
110 6
111 15
112 1
113 105
114 49
115 2
116 89
117 78
118 39
119 3
120 2
121 79
122 24
123 2
124 29
125 63
126 17
127 6
128 39
129 56
130 72
131 64
132 28
133 2
134 12
135 91
136 0
137 33
138 56
139 22
140 2
141 126
142 119
143 41
144 12
145 29
146 17
147 103
148 10
149 29
150 7
151 145
152 8
153 80
154 44
155 3
156 88
157 107
158 22
159 39
160 125
161 0
162 160
163 49
164 0
165 42
166 3
167 117
168 60
169 69
170 4
171 119
172 2
173 2
174 93
175 12
176 155
177 9
178 16
179 2
180 93
181 124
182 89
183 61
184 100
185 7
186 2
187 0
188 1
189 119
190 135
191 4
192 2
193 56
194 0
195 2
196 39
197 107
198 91
199 55
200 1
201 35
202 4
203 93
204 10
205 36
206 7
207 63
208 54
209 79
210 3
211 48
212 195
213 97
214 182
215 4
216 22
217 3
218 215
219 41
220 219
221 2
222 83
223 2
224 39
225 195
226 1
227 182
228 12
229 7
230 131
231 36
232 4
233 88
234 81
235 42
236 44
237 80
238 91
239 174
240 163
241 90
242 120
243 75
244 32
245 4
246 127
247 73
248 201
249 8
250 4
251 88
252 119
253 83
254 29
255 57
256 2
257 134
258 91
259 93
260 119
261 164
262 3
263 85
264 195
265 218
266 93
267 134
268 1
269 116
270 257
271 24
272 88
273 23
274 4
275 2
276 206
277 199
278 150
279 3
280 28
281 2
282 2
283 111
284 189
285 84
286 55
287 43
288 23
289 57
290 71
291 3
292 28
293 154
294 27
295 197
296 271
297 222
298 153
299 24
300 266
301 3
302 2
303 185
304 83
305 107
306 278
307 2
308 234
309 126
310 29
311 2
312 79
313 10
314 24
315 266
316 91
317 132
318 2
319 78
320 42
321 79
322 199
323 83
324 43
325 149
326 89
327 115
328 48
329 0
330 160
331 2
332 120
333 245
334 80
335 184
336 82
337 44
338 202
339 95
340 42
341 310
342 127
343 6
344 44
345 3
346 187
347 312
348 124
349 0
350 39
351 2
352 134
353 3
354 251
355 263
356 120
357 183
358 258
359 0
360 3
361 179
362 130
363 11
364 2
365 6
366 134
367 41
368 37
369 44
370 154
371 234
372 237
373 96
374 132
375 234
376 302
377 4
378 143
379 57
380 23
381 3
382 273
383 2
384 69
385 120
386 34
387 111
388 15
389 37
390 3
391 250
392 3
393 29
394 238
395 312
396 242
397 215
398 143
399 48
400 287
401 17
402 294
403 18
404 23
405 115
406 393
407 2
408 2
409 107
410 74
411 2
412 24
413 323
414 21
415 4
416 3
417 360
418 2
419 1
420 2
421 42
422 351
423 61
424 78
425 379
426 294
427 116
428 300
429 200
430 63
431 25
432 0
433 114
434 394
435 64
436 23
437 138
438 24
439 199
440 393
441 80
442 349
443 0
444 393
445 153
446 272
447 138
448 4
449 20
450 61
451 0
452 78
453 2
454 192
455 329
456 2
457 297
458 195
459 214
460 294
461 121
462 212
463 4
464 215
465 242
466 277
467 1
468 350
469 192
470 232
471 2
472 134
473 423
474 2
475 32
476 4
477 459
478 182
479 39
480 406
481 61
482 229
483 21
484 6
485 24
486 125
487 394
488 3
489 395
490 91
491 2
492 297
493 7
494 468
495 294
496 377
497 18
498 96
499 0
500 278
501 3
502 80
503 43
504 496
505 1
506 28
507 11
508 27
509 6
510 192
511 397
512 451
513 12
514 309
515 211
516 218
517 426
518 100
519 440
520 226
521 6
522 208
523 164
524 89
525 466
526 147
527 174
528 145
529 29
530 80
531 61
532 1
533 334
534 15
535 2
536 79
537 184
538 2
539 16
540 7
541 218
542 105
543 195
544 258
545 97
546 250
547 82
548 382
549 190
550 17
551 495
552 422
553 82
554 539
555 12
556 445
557 182
558 102
559 215
560 276
561 2
562 41
563 34
564 89
565 451
566 279
567 295
568 454
569 84
570 88
571 465
572 49
573 83
574 184
575 71
576 303
577 313
578 308
579 310
580 6
581 21
582 40
583 266
584 482
585 79
586 150
587 3
588 482
589 22
590 152
591 250
592 107
593 276
594 3
595 2
596 2
597 1
598 75
599 52
600 286
601 6
602 88
603 2
604 271
605 309
606 21
607 286
608 224
609 257
610 180
611 3
612 181
613 2
614 582
615 124
616 579
617 315
618 172
619 279
620 291
621 83
622 89
623 2
624 404
625 11
626 2
627 56
628 383
629 24
630 61
631 138
632 0
633 116
634 155
635 226
636 359
637 93
638 78
639 450
640 567
641 243
642 638
643 2
644 199
645 476
646 90
647 57
648 48
649 1
650 237
651 91
652 0
653 1
654 126
655 476
656 575
657 96
658 339
659 240
660 427
661 501
662 218
663 229
664 2
665 414
666 134
667 226
668 226
669 214
670 443
671 294
672 79
673 0
674 43
675 79
676 33
677 396
678 89
679 506
680 4
681 351
682 264
683 542
684 20
685 195
686 555
687 414
688 639
689 23
690 559
691 437
692 628
693 495
694 549
695 271
696 22
697 263
698 44
699 41
700 375
701 434
702 16
703 354
704 158
705 2
706 455
707 512
708 6
709 64
710 229
711 154
712 412
713 23
714 378
715 707
716 0
717 294
718 339
719 18
720 2
721 49
722 323
723 503
724 222
725 93
726 439
727 37
728 293
729 37
730 27
731 689
732 55
733 1
734 432
735 10
736 2
737 0
738 85
739 298
740 83
741 120
742 120
743 3
744 218
745 359
746 82
747 312
748 569
749 214
750 238
751 2
752 157
753 44
754 128
755 558
756 179
757 3
758 237
759 378
760 454
761 562
762 547
763 61
764 565
765 310
766 424
767 521
768 446
769 577
770 631
771 638
772 212
773 145
774 4
775 91
776 521
777 134
778 20
779 0
780 331
781 462
782 2
783 3
784 111
785 364
786 506
787 12
788 10
789 2
790 89
791 0
792 757
793 325
794 2
795 660
796 315
797 142
798 0
799 42
800 117
801 336
802 483
803 1
804 544
805 8
806 315
807 240
808 781
809 173
810 33
811 73
812 492
813 89
814 187
815 295
816 4
817 791
818 462
819 12
820 168
821 414
822 819
823 490
824 333
825 312
826 740
827 393
828 69
829 266
830 69
831 247
832 421
833 44
834 247
835 201
836 758
837 375
838 484
839 319
840 165
841 530
842 462
843 824
844 32
845 330
846 700
847 294
848 715
849 218
850 206
851 174
852 673
853 756
854 24
855 50
856 32
857 454
858 760
859 331
860 2
861 351
862 1
863 267
864 257
865 175
866 2
867 860
868 7
869 310
870 2
871 22
872 378
873 91
874 85
875 373
876 145
877 158
878 41
879 400
880 22
881 218
882 226
883 561
884 168
885 0
886 93
887 120
888 7
889 601
890 470
891 707
892 366
893 376
894 237
895 475
896 479
897 821
898 197
899 116
900 6
901 739
902 601
903 190
904 5
905 684
906 518
907 2
908 156
909 796
910 2
911 22
912 39
913 6
914 313
915 6
916 346
917 306
918 434
919 483
920 770
921 412
922 82
923 597
924 127
925 920
926 547
927 36
928 23
929 135
930 25
931 310
932 32
933 860
934 29
935 132
936 84
937 7
938 32
939 2
940 551
941 539
942 732
943 0
944 192
945 173
946 600
947 201
948 230
949 525
950 48
951 295
952 4
953 809
954 761
955 702
956 2
957 229
958 379
959 529
960 543
961 60
962 795
963 597
964 34
965 294
966 2
967 264
968 597
969 476
970 1
971 514
972 295
973 811
974 748
975 612
976 89
977 152
978 228
979 2
980 415
981 0
982 572
983 556
984 42
985 21
986 2
987 443
988 1
989 116
990 477
991 624
992 192
993 956
994 400
995 84
996 226
997 760
998 3
999 4
1000 15
1001 15
1002 840
1003 90
1004 134
1005 661
1006 2
1007 663
1008 54
1009 810
1010 62
1011 73
1012 39
1013 47
1014 726
1015 774
1016 797
1017 727
1018 378
1019 2
1020 25
1021 29
1022 124
1023 206
1024 29
1025 815
1026 396
1027 303
1028 849
1029 279
1030 546
1031 1029
1032 969
1033 777
1034 733
1035 18
1036 141
1037 82
1038 25
1039 985
1040 567
1041 534
1042 1
1043 435
1044 693
1045 562
1046 703
1047 10
1048 542
1049 144
1050 446
1051 877
1052 828
1053 2
1054 630
1055 215
1056 0
1057 49
1058 188
1059 22
1060 892
1061 267
1062 57
1063 601
1064 871
1065 42
1066 1
1067 633
1068 49
1069 329
1070 700
1071 777
1072 115
1073 310
1074 1056
1075 811
1076 454
1077 49
1078 716
1079 145
1080 142
1081 2
1082 339
1083 173
1084 8
1085 111
1086 873
1087 40
1088 961
1089 10
1090 787
1091 869
1092 218
1093 48
1094 445
1095 342
1096 432
1097 199
1098 0
1099 818
1100 17
1101 79
1102 89
1103 512
1104 348
1105 1015
1106 412
1107 693
1108 199
1109 748
1110 604
1111 16
1112 297
1113 1
1114 0
1115 625
1116 120
1117 905
1118 238
1119 663
1120 2
1121 449
1122 1
1123 524
1124 1055
1125 285
1126 561
1127 79
1128 764
1129 475
1130 408
1131 79
1132 806
1133 240
1134 635
1135 135
1136 0
1137 261
1138 450
1139 190
1140 170
1141 1
1142 89
1143 412
1144 888
1145 215
1146 992
1147 171
1148 324
1149 0
1150 1090
1151 859
1152 222
1153 562
1154 124
1155 423
1156 292
1157 365
1158 2
1159 168
1160 58
1161 1018
1162 856
1163 1080
1164 435
1165 401
1166 3
1167 197
1168 105
1169 294
1170 3
1171 891
1172 105
1173 721
1174 1020
1175 412
1176 49
1177 89
1178 375
1179 896
1180 75
1181 102
1182 625
1183 884
1184 60
1185 40
1186 237
1187 938
1188 396
1189 1
1190 1178
1191 2
1192 455
1193 79
1194 29
1195 9
1196 60
1197 294
1198 1102
1199 2
1200 3
1201 132
1202 89
1203 315
1204 294
1205 206
1206 1029
1207 436
1208 94
1209 276
1210 197
1211 1094
1212 365
1213 844
1214 769
1215 782
1216 429
1217 918
1218 120
1219 1075
1220 85
1221 1085
1222 631
1223 15
1224 741
1225 277
1226 34
1227 1
1228 2
1229 257
1230 911
1231 18
1232 0
1233 49
1234 825
1235 788
1236 758
1237 538
1238 105
1239 761
1240 1053
1241 877
1242 74
1243 309
1244 1
1245 3
1246 1
1247 155
1248 638
1249 212
1250 37
1251 105
1252 39
1253 702
1254 18
1255 2
1256 345
1257 158
1258 817
1259 27
1260 1019
1261 17
1262 1
1263 38
1264 844
1265 79
1266 412
1267 147
1268 371
1269 559
1270 960
1271 1100
1272 1133
1273 7
1274 24
1275 397
1276 817
1277 1022
1278 3
1279 972
1280 864
1281 195
1282 390
1283 576
1284 263
1285 93
1286 1156
1287 1240
1288 693
1289 454
1290 89
1291 18
1292 44
1293 462
1294 307
1295 160
1296 64
1297 295
1298 624
1299 1165
1300 582
1301 1255
1302 73
1303 342
1304 73
1305 1053
1306 306
1307 134
1308 379
1309 427
1310 145
1311 155
1312 33
1313 105
1314 59
1315 1117
1316 727
1317 857
1318 558
1319 624
1320 90
1321 781
1322 2
1323 697
1324 976
1325 152
1326 2
1327 310
1328 1
1329 931
1330 507
1331 393
1332 482
1333 432
1334 809
1335 547
1336 650
1337 777
1338 1008
1339 29
1340 240
1341 827
1342 1
1343 261
1344 2
1345 345
1346 91
1347 3
1348 80
1349 1300
1350 346
1351 511
1352 3
1353 184
1354 1236
1355 1002
1356 152
1357 79
1358 107
1359 2
1360 1340
1361 37
1362 3
1363 61
1364 119
1365 843
1366 572
1367 4
1368 89
1369 22
1370 61
1371 434
1372 39
1373 547
1374 8
1375 285
1376 793
1377 147
1378 2
1379 101
1380 666
1381 1050
1382 443
1383 1039
1384 3
1385 871
1386 1384
1387 558
1388 532
1389 487
1390 484
1391 46
1392 1334
1393 74
1394 2
1395 79
1396 86
1397 229
1398 877
1399 93
1400 1130
1401 199
1402 748
1403 56
1404 2
1405 511
1406 174
1407 183
1408 627
1409 1342
1410 69
1411 1128
1412 167
1413 1286
1414 625
1415 52
1416 105
1417 177
1418 401
1419 114
1420 64
1421 7
1422 8
1423 720
1424 1013
1425 639
1426 955
1427 0
1428 342
1429 521
1430 1251
1431 115
1432 524
1433 799
1434 1090
1435 1192
1436 989
1437 527
1438 126
1439 878
1440 28
1441 427
1442 692
1443 222
1444 1424
1445 7
1446 240
1447 1
1448 691
1449 89
1450 39
1451 75
1452 46
1453 1077
1454 844
1455 2
1456 337
1457 2
1458 1346
1459 4
1460 462
1461 1353
1462 478
1463 1126
1464 240
1465 235
1466 247
1467 634
1468 994
1469 1314
1470 111
1471 0
1472 557
1473 2
1474 633
1475 261
1476 1345
1477 539
1478 56
1479 250
1480 168
1481 568
1482 968
1483 0
1484 8
1485 228
1486 105
1487 143
1488 1010
1489 1081
1490 135
1491 54
1492 474
1493 323
1494 1479
1495 278
1496 199
1497 261
1498 218
1499 501
