2500
0 1
0 2
0 3
0 4
1 2
1 3
1 4
2 3
2 4
3 4
5 0
6 2
7 0
8 4
9 3
10 2
11 2
12 8
13 7
14 6
15 1
16 10
17 7
18 4
19 2
20 0
21 0
22 2
23 1
24 1
25 24
26 3
27 0
28 0
29 0
30 2
31 4
32 6
33 7
34 7
35 1
36 10
37 4
38 3
39 0
40 8
41 22
42 24
43 7
44 2
45 32
46 22
47 42
48 41
49 8
50 1
51 7
52 2
53 39
54 2
55 32
56 39
57 56
58 57
59 21
60 6
61 3
62 3
63 43
64 0
65 5
66 1
67 29
68 0
69 0
70 57
71 3
72 3
73 22
74 33
75 52
76 39
77 12
78 2
79 41
80 11
81 10
82 73
83 43
84 1
85 29
86 7
87 43
88 32
89 28
90 7
91 2
92 3
93 10
94 57
95 22
96 93
97 52
98 7
99 2
100 41
101 22
102 0
103 46
104 24
105 2
106 94
107 2
108 88
109 48
110 6
111 15
112 1
113 105
114 49
115 2
116 89
117 78
118 39
119 3
120 2
121 79
122 24
123 2
124 29
125 63
126 17
127 6
128 39
129 56
130 72
131 64
132 28
133 2
134 12
135 91
136 0
137 33
138 56
139 22
140 2
141 126
142 119
143 41
144 12
145 29
146 17
147 103
148 10
149 29
150 7
151 145
152 8
153 80
154 44
155 3
156 88
157 107
158 22
159 39
160 125
161 0
162 160
163 49
164 0
165 42
166 3
167 117
168 60
169 69
170 4
171 119
172 2
173 2
174 93
175 12
176 155
177 9
178 16
179 2
180 93
181 124
182 89
183 61
184 100
185 7
186 2
187 0
188 1
189 119
190 135
191 4
192 2
193 56
194 0
195 2
196 39
197 107
198 91
199 55
200 1
201 35
202 4
203 93
204 10
205 36
206 7
207 63
208 54
209 79
210 3
211 48
212 195
213 97
214 182
215 4
216 22
217 3
218 215
219 41
220 219
221 2
222 83
223 2
224 39
225 195
226 1
227 182
228 12
229 7
230 131
231 36
232 4
233 88
234 81
235 42
236 44
237 80
238 91
239 174
240 163
241 90
242 120
243 75
244 32
245 4
246 127
247 73
248 201
249 8
250 4
251 88
252 119
253 83
254 29
255 57
256 2
257 134
258 91
259 93
260 119
261 164
262 3
263 85
264 195
265 218
266 93
267 134
268 1
269 116
270 257
271 24
272 88
273 23
274 4
275 2
276 206
277 199
278 150
279 3
280 28
281 2
282 2
283 111
284 189
285 84
286 55
287 43
288 23
289 57
290 71
291 3
292 28
293 154
294 27
295 197
296 271
297 222
298 153
299 24
300 266
301 3
302 2
303 185
304 83
305 107
306 278
307 2
308 234
309 126
310 29
311 2
312 79
313 10
314 24
315 266
316 91
317 132
318 2
319 78
320 42
321 79
322 199
323 83
324 43
325 149
326 89
327 115
328 48
329 0
330 160
331 2
332 120
333 245
334 80
335 184
336 82
337 44
338 202
339 95
340 42
341 310
342 127
343 6
344 44
345 3
346 187
347 312
348 124
349 0
350 39
351 2
352 134
353 3
354 251
355 263
356 120
357 183
358 258
359 0
360 3
361 179
362 130
363 11
364 2
365 6
366 134
367 41
368 37
369 44
370 154
371 234
372 237
373 96
374 132
375 234
376 302
377 4
378 143
379 57
380 23
381 3
382 273
383 2
384 69
385 120
386 34
387 111
388 15
389 37
390 3
391 250
392 3
393 29
394 238
395 312
396 242
397 215
398 143
399 48
400 287
401 17
402 294
403 18
404 23
405 115
406 393
407 2
408 2
409 107
410 74
411 2
412 24
413 323
414 21
415 4
416 3
417 360
418 2
419 1
420 2
421 42
422 351
423 61
424 78
425 379
426 294
427 116
428 300
429 200
430 63
431 25
432 0
433 114
434 394
435 64
436 23
437 138
438 24
439 199
440 393
441 80
442 349
443 0
444 393
445 153
446 272
447 138
448 4
449 20
450 61
451 0
452 78
453 2
454 192
455 329
456 2
457 297
458 195
459 214
460 294
461 121
462 212
463 4
464 215
465 242
466 277
467 1
468 350
469 192
470 232
471 2
472 134
473 423
474 2
475 32
476 4
477 459
478 182
479 39
480 406
481 61
482 229
483 21
484 6
485 24
486 125
487 394
488 3
489 395
490 91
491 2
492 297
493 7
494 468
495 294
496 377
497 18
498 96
499 0
500 278
501 3
502 80
503 43
504 496
505 1
506 28
507 11
508 27
509 6
510 192
511 397
512 451
513 12
514 309
515 211
516 218
517 426
518 100
519 440
520 226
521 6
522 208
523 164
524 89
525 466
526 147
527 174
528 145
529 29
530 80
531 61
532 1
533 334
534 15
535 2
536 79
537 184
538 2
539 16
540 7
541 218
542 105
543 195
544 258
545 97
546 250
547 82
548 382
549 190
550 17
551 495
552 422
553 82
554 539
555 12
556 445
557 182
558 102
559 215
560 276
561 2
562 41
563 34
564 89
565 451
566 279
567 295
568 454
569 84
570 88
571 465
572 49
573 83
574 184
575 71
576 303
577 313
578 308
579 310
580 6
581 21
582 40
583 266
584 482
585 79
586 150
587 3
588 482
589 22
590 152
591 250
592 107
593 276
594 3
595 2
596 2
597 1
598 75
599 52
600 286
601 6
602 88
603 2
604 271
605 309
606 21
607 286
608 224
609 257
610 180
611 3
612 181
613 2
614 582
615 124
616 579
617 315
618 172
619 279
620 291
621 83
622 89
623 2
624 404
625 11
626 2
627 56
628 383
629 24
630 61
631 138
632 0
633 116
634 155
635 226
636 359
637 93
638 78
639 450
640 567
641 243
642 638
643 2
644 199
645 476
646 90
647 57
648 48
649 1
650 237
651 91
652 0
653 1
654 126
655 476
656 575
657 96
658 339
659 240
660 427
661 501
662 218
663 229
664 2
665 414
666 134
667 226
668 226
669 214
670 443
671 294
672 79
673 0
674 43
675 79
676 33
677 396
678 89
679 506
680 4
681 351
682 264
683 542
684 20
685 195
686 555
687 414
688 639
689 23
690 559
691 437
692 628
693 495
694 549
695 271
696 22
697 263
698 44
699 41
700 375
701 434
702 16
703 354
704 158
705 2
706 455
707 512
708 6
709 64
710 229
711 154
712 412
713 23
714 378
715 707
716 0
717 294
718 339
719 18
720 2
721 49
722 323
723 503
724 222
725 93
726 439
727 37
728 293
729 37
730 27
731 689
732 55
733 1
734 432
735 10
736 2
737 0
738 85
739 298
740 83
741 120
742 120
743 3
744 218
745 359
746 82
747 312
748 569
749 214
750 238
751 2
752 157
753 44
754 128
755 558
756 179
757 3
758 237
759 378
760 454
761 562
762 547
763 61
764 565
765 310
766 424
767 521
768 446
769 577
770 631
771 638
772 212
773 145
774 4
775 91
776 521
777 134
778 20
779 0
780 331
781 462
782 2
783 3
784 111
785 364
786 506
787 12
788 10
789 2
790 89
791 0
792 757
793 325
794 2
795 660
796 315
797 142
798 0
799 42
800 117
801 336
802 483
803 1
804 544
805 8
806 315
807 240
808 781
809 173
810 33
811 73
812 492
813 89
814 187
815 295
816 4
817 791
818 462
819 12
820 168
821 414
822 819
823 490
824 333
825 312
826 740
827 393
828 69
829 266
830 69
831 247
832 421
833 44
834 247
835 201
836 758
837 375
838 484
839 319
840 165
841 530
842 462
843 824
844 32
845 330
846 700
847 294
848 715
849 218
850 206
851 174
852 673
853 756
854 24
855 50
856 32
857 454
858 760
859 331
860 2
861 351
862 1
863 267
864 257
865 175
866 2
867 860
868 7
869 310
870 2
871 22
872 378
873 91
874 85
875 373
876 145
877 158
878 41
879 400
880 22
881 218
882 226
883 561
884 168
885 0
886 93
887 120
888 7
889 601
890 470
891 707
892 366
893 376
894 237
895 475
896 479
897 821
898 197
899 116
900 6
901 739
902 601
903 190
904 5
905 684
906 518
907 2
908 156
909 796
910 2
911 22
912 39
913 6
914 313
915 6
916 346
917 306
918 434
919 483
920 770
921 412
922 82
923 597
924 127
925 920
926 547
927 36
928 23
929 135
930 25
931 310
932 32
933 860
934 29
935 132
936 84
937 7
938 32
939 2
940 551
941 539
942 732
943 0
944 192
945 173
946 600
947 201
948 230
949 525
950 48
951 295
952 4
953 809
954 761
955 702
956 2
957 229
958 379
959 529
960 543
961 60
962 795
963 597
964 34
965 294
966 2
967 264
968 597
969 476
970 1
971 514
972 295
973 811
974 748
975 612
976 89
977 152
978 228
979 2
980 415
981 0
982 572
983 556
984 42
985 21
986 2
987 443
988 1
989 116
990 477
991 624
992 192
993 956
994 400
995 84
996 226
997 760
998 3
999 4
1000 15
1001 15
1002 840
1003 90
1004 134
1005 661
1006 2
1007 663
1008 54
1009 810
1010 62
1011 73
1012 39
1013 47
1014 726
1015 774
1016 797
1017 727
1018 378
1019 2
1020 25
1021 29
1022 124
1023 206
1024 29
1025 815
1026 396
1027 303
1028 849
1029 279
1030 546
1031 1029
1032 969
1033 777
1034 733
1035 18
1036 141
1037 82
1038 25
1039 985
1040 567
1041 534
1042 1
1043 435
1044 693
1045 562
1046 703
1047 10
1048 542
1049 144
1050 446
1051 877
1052 828
1053 2
1054 630
1055 215
1056 0
1057 49
1058 188
1059 22
1060 892
1061 267
1062 57
1063 601
1064 871
1065 42
1066 1
1067 633
1068 49
1069 329
1070 700
1071 777
1072 115
1073 310
1074 1056
1075 811
1076 454
1077 49
1078 716
1079 145
1080 142
1081 2
1082 339
1083 173
1084 8
1085 111
1086 873
1087 40
1088 961
1089 10
1090 787
1091 869
1092 218
1093 48
1094 445
1095 342
1096 432
1097 199
1098 0
1099 818
1100 17
1101 79
1102 89
1103 512
1104 348
1105 1015
1106 412
1107 693
1108 199
1109 748
1110 604
1111 16
1112 297
1113 1
1114 0
1115 625
1116 120
1117 905
1118 238
1119 663
1120 2
1121 449
1122 1
1123 524
1124 1055
1125 285
1126 561
1127 79
1128 764
1129 475
1130 408
1131 79
1132 806
1133 240
1134 635
1135 135
1136 0
1137 261
1138 450
1139 190
1140 170
1141 1
1142 89
1143 412
1144 888
1145 215
1146 992
1147 171
1148 324
1149 0
1150 1090
1151 859
1152 222
1153 562
1154 124
1155 423
1156 292
1157 365
1158 2
1159 168
1160 58
1161 1018
1162 856
1163 1080
1164 435
1165 401
1166 3
1167 197
1168 105
1169 294
1170 3
1171 891
1172 105
1173 721
1174 1020
1175 412
1176 49
1177 89
1178 375
1179 896
1180 75
1181 102
1182 625
1183 884
1184 60
1185 40
1186 237
1187 938
1188 396
1189 1
1190 1178
1191 2
1192 455
1193 79
1194 29
1195 9
1196 60
1197 294
1198 1102
1199 2
1200 3
1201 132
1202 89
1203 315
1204 294
1205 206
1206 1029
1207 436
1208 94
1209 276
1210 197
1211 1094
1212 365
1213 844
1214 769
1215 782
1216 429
1217 918
1218 120
1219 1075
1220 85
1221 1085
1222 631
1223 15
1224 741
1225 277
1226 34
1227 1
1228 2
1229 257
1230 911
1231 18
1232 0
1233 49
1234 825
1235 788
1236 758
1237 538
1238 105
1239 761
1240 1053
1241 877
1242 74
1243 309
1244 1
1245 3
1246 1
1247 155
1248 638
1249 212
1250 37
1251 105
1252 39
1253 702
1254 18
1255 2
1256 345
1257 158
1258 817
1259 27
1260 1019
1261 17
1262 1
1263 38
1264 844
1265 79
1266 412
1267 147
1268 371
1269 559
1270 960
1271 1100
1272 1133
1273 7
1274 24
1275 397
1276 817
1277 1022
1278 3
1279 972
1280 864
1281 195
1282 390
1283 576
1284 263
1285 93
1286 1156
1287 1240
1288 693
1289 454
1290 89
1291 18
1292 44
1293 462
1294 307
1295 160
1296 64
1297 295
1298 624
1299 1165
1300 582
1301 1255
1302 73
1303 342
1304 73
1305 1053
1306 306
1307 134
1308 379
1309 427
1310 145
1311 155
1312 33
1313 105
1314 59
1315 1117
1316 727
1317 857
1318 558
1319 624
1320 90
1321 781
1322 2
1323 697
1324 976
1325 152
1326 2
1327 310
1328 1
1329 931
1330 507
1331 393
1332 482
1333 432
1334 809
1335 547
1336 650
1337 777
1338 1008
1339 29
1340 240
1341 827
1342 1
1343 261
1344 2
1345 345
1346 91
1347 3
1348 80
1349 1300
1350 346
1351 511
1352 3
1353 184
1354 1236
1355 1002
1356 152
1357 79
1358 107
1359 2
1360 1340
1361 37
1362 3
1363 61
1364 119
1365 843
1366 572
1367 4
1368 89
1369 22
1370 61
1371 434
1372 39
1373 547
1374 8
1375 285
1376 793
1377 147
1378 2
1379 101
1380 666
1381 1050
1382 443
1383 1039
1384 3
1385 871
1386 1384
1387 558
1388 532
1389 487
1390 484
1391 46
1392 1334
1393 74
1394 2
1395 79
1396 86
1397 229
1398 877
1399 93
1400 1130
1401 199
1402 748
1403 56
1404 2
1405 511
1406 174
1407 183
1408 627
1409 1342
1410 69
1411 1128
1412 167
1413 1286
1414 625
1415 52
1416 105
1417 177
1418 401
1419 114
1420 64
1421 7
1422 8
1423 720
1424 1013
1425 639
1426 955
1427 0
1428 342
1429 521
1430 1251
1431 115
1432 524
1433 799
1434 1090
1435 1192
1436 989
1437 527
1438 126
1439 878
1440 28
1441 427
1442 692
1443 222
1444 1424
1445 7
1446 240
1447 1
1448 691
1449 89
1450 39
1451 75
1452 46
1453 1077
1454 844
1455 2
1456 337
1457 2
1458 1346
1459 4
1460 462
1461 1353
1462 478
1463 1126
1464 240
1465 235
1466 247
1467 634
1468 994
1469 1314
1470 111
1471 0
1472 557
1473 2
1474 633
1475 261
1476 1345
1477 539
1478 56
1479 250
1480 168
1481 568
1482 968
1483 0
1484 8
1485 228
1486 105
1487 143
1488 1010
1489 1081
1490 135
1491 54
1492 474
1493 323
1494 1479
1495 278
1496 199
1497 261
1498 218
1499 501
1500 1151
1501 168
1502 229
1503 1358
1504 393
1505 261
1506 553
1507 903
1508 4
1509 29
1510 61
1511 4
1512 145
1513 331
1514 593
1515 164
1516 4
1517 563
1518 26
1519 114
1520 1029
1521 293
1522 1504
1523 74
1524 10
1525 411
1526 96
1527 0
1528 501
1529 900
1530 10
1531 1438
1532 206
1533 1253
1534 414
1535 75
1536 134
1537 346
1538 142
1539 261
1540 892
1541 1086
1542 229
1543 278
1544 809
1545 828
1546 6
1547 4
1548 871
1549 1103
1550 625
1551 199
1552 345
1553 7
1554 263
1555 49
1556 182
1557 1300
1558 79
1559 143
1560 32
1561 180
1562 46
1563 107
1564 61
1565 42
1566 172
1567 3
1568 393
1569 1456
1570 1022
1571 305
1572 1311
1573 44
1574 358
1575 342
1576 769
1577 89
1578 1383
1579 115
1580 134
1581 1063
1582 1056
1583 624
1584 999
1585 0
1586 97
1587 124
1588 1441
1589 1167
1590 421
1591 795
1592 93
1593 1350
1594 379
1595 7
1596 1083
1597 4
1598 120
1599 229
1600 655
1601 419
1602 294
1603 28
1604 1523
1605 4
1606 0
1607 1345
1608 266
1609 910
1610 51
1611 8
1612 281
1613 741
1614 440
1615 1090
1616 1126
1617 111
1618 397
1619 1226
1620 32
1621 1525
1622 460
1623 79
1624 3
1625 63
1626 59
1627 56
1628 60
1629 1490
1630 561
1631 882
1632 132
1633 757
1634 1008
1635 1385
1636 1410
1637 1162
1638 100
1639 10
1640 3
1641 1343
1642 32
1643 1313
1644 206
1645 1504
1646 231
1647 175
1648 774
1649 1303
1650 230
1651 299
1652 756
1653 109
1654 379
1655 451
1656 1063
1657 1044
1658 918
1659 390
1660 1131
1661 511
1662 120
1663 197
1664 2
1665 1382
1666 970
1667 221
1668 124
1669 74
1670 171
1671 2
1672 1303
1673 93
1674 265
1675 32
1676 1288
1677 612
1678 1029
1679 61
1680 332
1681 976
1682 306
1683 681
1684 1085
1685 46
1686 171
1687 1562
1688 846
1689 61
1690 1260
1691 2
1692 932
1693 2
1694 24
1695 5
1696 509
1697 542
1698 473
1699 79
1700 4
1701 148
1702 3
1703 279
1704 25
1705 96
1706 1141
1707 433
1708 115
1709 1667
1710 1434
1711 22
1712 127
1713 853
1714 375
1715 138
1716 197
1717 461
1718 1125
1719 450
1720 3
1721 1177
1722 518
1723 10
1724 438
1725 1542
1726 896
1727 379
1728 342
1729 1456
1730 510
1731 224
1732 1352
1733 757
1734 22
1735 437
1736 17
1737 126
1738 507
1739 1084
1740 229
1741 1285
1742 965
1743 370
1744 218
1745 331
1746 582
1747 240
1748 695
1749 532
1750 400
1751 1225
1752 56
1753 0
1754 15
1755 2
1756 82
1757 105
1758 289
1759 873
1760 333
1761 26
1762 508
1763 1294
1764 1138
1765 80
1766 1503
1767 168
1768 32
1769 638
1770 0
1771 1614
1772 499
1773 258
1774 0
1775 91
1776 1386
1777 611
1778 38
1779 1
1780 496
1781 1492
1782 757
1783 84
1784 286
1785 1663
1786 9
1787 277
1788 446
1789 195
1790 187
1791 694
1792 104
1793 141
1794 496
1795 1445
1796 400
1797 188
1798 811
1799 375
1800 595
1801 295
1802 1526
1803 22
1804 791
1805 36
1806 100
1807 18
1808 11
1809 850
1810 1234
1811 426
1812 364
1813 769
1814 306
1815 740
1816 10
1817 1251
1818 237
1819 1395
1820 476
1821 1683
1822 277
1823 955
1824 721
1825 247
1826 1203
1827 1326
1828 3
1829 1008
1830 231
1831 93
1832 1226
1833 1118
1834 127
1835 562
1836 50
1837 24
1838 1049
1839 303
1840 134
1841 48
1842 530
1843 96
1844 182
1845 89
1846 791
1847 888
1848 819
1849 760
1850 3
1851 195
1852 1675
1853 184
1854 169
1855 44
1856 240
1857 132
1858 1713
1859 93
1860 118
1861 721
1862 1055
1863 620
1864 126
1865 935
1866 206
1867 942
1868 1
1869 903
1870 741
1871 25
1872 961
1873 262
1874 499
1875 1390
1876 639
1877 446
1878 2
1879 838
1880 558
1881 222
1882 600
1883 1086
1884 1
1885 0
1886 547
1887 1046
1888 141
1889 1177
1890 1311
1891 982
1892 157
1893 534
1894 298
1895 12
1896 278
1897 10
1898 837
1899 44
1900 892
1901 844
1902 1026
1903 1491
1904 1078
1905 601
1906 124
1907 20
1908 126
1909 1018
1910 1823
1911 443
1912 84
1913 1219
1914 715
1915 226
1916 436
1917 1911
1918 261
1919 1720
1920 89
1921 758
1922 624
1923 38
1924 1661
1925 395
1926 788
1927 2
1928 819
1929 1052
1930 12
1931 810
1932 78
1933 96
1934 1026
1935 1913
1936 1085
1937 1535
1938 563
1939 1532
1940 1456
1941 737
1942 1001
1943 1029
1944 41
1945 1095
1946 41
1947 307
1948 737
1949 996
1950 1336
1951 1523
1952 3
1953 294
1954 711
1955 454
1956 393
1957 1120
1958 643
1959 216
1960 658
1961 246
1962 1086
1963 7
1964 10
1965 1953
1966 2
1967 297
1968 18
1969 327
1970 363
1971 134
1972 396
1973 91
1974 126
1975 807
1976 1564
1977 1518
1978 393
1979 323
1980 96
1981 1842
1982 1072
1983 226
1984 1028
1985 721
1986 761
1987 1578
1988 914
1989 102
1990 20
1991 549
1992 1013
1993 631
1994 1
1995 509
1996 412
1997 1883
1998 1570
1999 980
2000 115
2001 17
2002 134
2003 427
2004 737
2005 2
2006 294
2007 23
2008 2000
2009 1084
2010 2
2011 0
2012 918
2013 1842
2014 999
2015 1117
2016 37
2017 917
2018 757
2019 877
2020 1924
2021 4
2022 1661
2023 1493
2024 795
2025 1592
2026 664
2027 42
2028 1632
2029 663
2030 132
2031 58
2032 791
2033 1406
2034 903
2035 1493
2036 402
2037 1968
2038 878
2039 1018
2040 3
2041 1350
2042 1121
2043 1940
2044 1420
2045 197
2046 24
2047 83
2048 169
2049 1842
2050 1449
2051 120
2052 89
2053 1532
2054 378
2055 84
2056 1774
2057 1151
2058 303
2059 283
2060 634
2061 816
2062 1829
2063 1102
2064 1102
2065 303
2066 624
2067 1985
2068 812
2069 218
2070 379
2071 811
2072 1000
2073 490
2074 918
2075 141
2076 18
2077 4
2078 38
2079 423
2080 64
2081 864
2082 1522
2083 138
2084 1385
2085 811
2086 1752
2087 17
2088 126
2089 508
2090 1020
2091 1028
2092 22
2093 285
2094 476
2095 1936
2096 16
2097 427
2098 11
2099 559
2100 218
2101 1307
2102 1420
2103 1126
2104 665
2105 3
2106 74
2107 2068
2108 379
2109 868
2110 1085
2111 1710
2112 1493
2113 1771
2114 484
2115 478
2116 1102
2117 1203
2118 305
2119 1158
2120 152
2121 277
2122 2
2123 1429
2124 1209
2125 397
2126 98
2127 7
2128 142
2129 828
2130 1245
2131 222
2132 131
2133 493
2134 1192
2135 673
2136 255
2137 1028
2138 1998
2139 338
2140 152
2141 1686
2142 757
2143 791
2144 256
2145 1369
2146 1470
2147 1420
2148 382
2149 7
2150 856
2151 2075
2152 1018
2153 530
2154 74
2155 698
2156 118
2157 1593
2158 177
2159 2113
2160 1445
2161 344
2162 222
2163 337
2164 931
2165 1878
2166 1770
2167 163
2168 1256
2169 595
2170 1968
2171 1829
2172 892
2173 2
2174 144
2175 180
2176 1360
2177 138
2178 177
2179 266
2180 1826
2181 1456
2182 124
2183 223
2184 111
2185 2017
2186 126
2187 1910
2188 1457
2189 20
2190 739
2191 108
2192 302
2193 80
2194 1354
2195 1768
2196 206
2197 3
2198 1238
2199 1125
2200 693
2201 661
2202 294
2203 23
2204 4
2205 1314
2206 2
2207 222
2208 206
2209 42
2210 604
2211 229
2212 1204
2213 794
2214 750
2215 1901
2216 966
2217 1102
2218 757
2219 6
2220 192
2221 1
2222 1320
2223 2211
2224 756
2225 205
2226 495
2227 39
2228 583
2229 79
2230 674
2231 307
2232 572
2233 1020
2234 1152
2235 1103
2236 844
2237 29
2238 2048
2239 1181
2240 3
2241 112
2242 551
2243 38
2244 2127
2245 461
2246 1375
2247 840
2248 1343
2249 842
2250 1574
2251 185
2252 2243
2253 1654
2254 253
2255 52
2256 22
2257 2093
2258 2164
2259 777
2260 24
2261 4
2262 240
2263 351
2264 415
2265 1212
2266 1457
2267 809
2268 1750
2269 731
2270 1873
2271 91
2272 115
2273 75
2274 434
2275 229
2276 101
2277 1577
2278 1391
2279 1667
2280 355
2281 443
2282 2055
2283 3
2284 1415
2285 204
2286 615
2287 107
2288 1020
2289 192
2290 69
2291 1744
2292 505
2293 1624
2294 1910
2295 791
2296 56
2297 450
2298 1063
2299 1528
2300 2218
2301 2145
2302 605
2303 12
2304 3
2305 772
2306 1715
2307 811
2308 839
2309 783
2310 184
2311 1433
2312 341
2313 1801
2314 29
2315 2169
2316 3
2317 401
2318 270
2319 294
2320 0
2321 229
2322 97
2323 1417
2324 554
2325 4
2326 1842
2327 364
2328 758
2329 454
2330 1151
2331 759
2332 798
2333 851
2334 89
2335 319
2336 1402
2337 1918
2338 756
2339 1532
2340 1489
2341 2106
2342 1386
2343 89
2344 924
2345 622
2346 1667
2347 1592
2348 1245
2349 1110
2350 894
2351 370
2352 1819
2353 2271
2354 675
2355 145
2356 845
2357 1085
2358 970
2359 2132
2360 758
2361 173
2362 620
2363 93
2364 1819
2365 71
2366 49
2367 1230
2368 1121
2369 749
2370 914
2371 2354
2372 2371
2373 847
2374 631
2375 662
2376 3
2377 1648
2378 1900
2379 739
2380 153
2381 0
2382 2077
2383 1589
2384 21
2385 39
2386 1746
2387 344
2388 1386
2389 4
2390 253
2391 1
2392 7
2393 320
2394 0
2395 121
2396 795
2397 1338
2398 296
2399 459
2400 28
2401 1641
2402 375
2403 240
2404 2100
2405 854
2406 774
2407 1836
2408 821
2409 129
2410 245
2411 126
2412 944
2413 1029
2414 1039
2415 1392
2416 605
2417 634
2418 79
2419 427
2420 538
2421 2347
2422 1909
2423 2
2424 7
2425 17
2426 368
2427 240
2428 2111
2429 1681
2430 803
2431 596
2432 379
2433 2061
2434 669
2435 27
2436 1812
2437 426
2438 1383
2439 2417
2440 124
2441 2
2442 529
2443 30
2444 303
2445 281
2446 2179
2447 1
2448 2173
2449 1492
2450 1475
2451 1474
2452 1384
2453 918
2454 2
2455 3
2456 761
2457 1189
2458 42
2459 200
2460 1318
2461 266
2462 294
2463 639
2464 2051
2465 2199
2466 2111
2467 1836
2468 808
2469 2179
2470 1176
2471 229
2472 2426
2473 445
2474 2187
2475 901
2476 601
2477 70
2478 1307
2479 3
2480 259
2481 631
2482 117
2483 1
2484 60
2485 732
2486 225
2487 1799
2488 757
2489 298
2490 0
2491 29
2492 203
2493 758
2494 0
2495 1457
2496 7
2497 2106
2498 1622
2499 105
