5000
0 1
0 2
0 3
0 4
1 2
1 3
1 4
2 3
2 4
3 4
5 0
6 2
7 0
8 4
9 3
10 2
11 2
12 8
13 7
14 6
15 1
16 10
17 7
18 4
19 2
20 0
21 0
22 2
23 1
24 1
25 24
26 3
27 0
28 0
29 0
30 2
31 4
32 6
33 7
34 7
35 1
36 10
37 4
38 3
39 0
40 8
41 22
42 24
43 7
44 2
45 32
46 22
47 42
48 41
49 8
50 1
51 7
52 2
53 39
54 2
55 32
56 39
57 56
58 57
59 21
60 6
61 3
62 3
63 43
64 0
65 5
66 1
67 29
68 0
69 0
70 57
71 3
72 3
73 22
74 33
75 52
76 39
77 12
78 2
79 41
80 11
81 10
82 73
83 43
84 1
85 29
86 7
87 43
88 32
89 28
90 7
91 2
92 3
93 10
94 57
95 22
96 93
97 52
98 7
99 2
100 41
101 22
102 0
103 46
104 24
105 2
106 94
107 2
108 88
109 48
110 6
111 15
112 1
113 105
114 49
115 2
116 89
117 78
118 39
119 3
120 2
121 79
122 24
123 2
124 29
125 63
126 17
127 6
128 39
129 56
130 72
131 64
132 28
133 2
134 12
135 91
136 0
137 33
138 56
139 22
140 2
141 126
142 119
143 41
144 12
145 29
146 17
147 103
148 10
149 29
150 7
151 145
152 8
153 80
154 44
155 3
156 88
157 107
158 22
159 39
160 125
161 0
162 160
163 49
164 0
165 42
166 3
167 117
168 60
169 69
170 4
171 119
172 2
173 2
174 93
175 12
176 155
177 9
178 16
179 2
180 93
181 124
182 89
183 61
184 100
185 7
186 2
187 0
188 1
189 119
190 135
191 4
192 2
193 56
194 0
195 2
196 39
197 107
198 91
199 55
200 1
201 35
202 4
203 93
204 10
205 36
206 7
207 63
208 54
209 79
210 3
211 48
212 195
213 97
214 182
215 4
216 22
217 3
218 215
219 41
220 219
221 2
222 83
223 2
224 39
225 195
226 1
227 182
228 12
229 7
230 131
231 36
232 4
233 88
234 81
235 42
236 44
237 80
238 91
239 174
240 163
241 90
242 120
243 75
244 32
245 4
246 127
247 73
248 201
249 8
250 4
251 88
252 119
253 83
254 29
255 57
256 2
257 134
258 91
259 93
260 119
261 164
262 3
263 85
264 195
265 218
266 93
267 134
268 1
269 116
270 257
271 24
272 88
273 23
274 4
275 2
276 206
277 199
278 150
279 3
280 28
281 2
282 2
283 111
284 189
285 84
286 55
287 43
288 23
289 57
290 71
291 3
292 28
293 154
294 27
295 197
296 271
297 222
298 153
299 24
300 266
301 3
302 2
303 185
304 83
305 107
306 278
307 2
308 234
309 126
310 29
311 2
312 79
313 10
314 24
315 266
316 91
317 132
318 2
319 78
320 42
321 79
322 199
323 83
324 43
325 149
326 89
327 115
328 48
329 0
330 160
331 2
332 120
333 245
334 80
335 184
336 82
337 44
338 202
339 95
340 42
341 310
342 127
343 6
344 44
345 3
346 187
347 312
348 124
349 0
350 39
351 2
352 134
353 3
354 251
355 263
356 120
357 183
358 258
359 0
360 3
361 179
362 130
363 11
364 2
365 6
366 134
367 41
368 37
369 44
370 154
371 234
372 237
373 96
374 132
375 234
376 302
377 4
378 143
379 57
380 23
381 3
382 273
383 2
384 69
385 120
386 34
387 111
388 15
389 37
390 3
391 250
392 3
393 29
394 238
395 312
396 242
397 215
398 143
399 48
400 287
401 17
402 294
403 18
404 23
405 115
406 393
407 2
408 2
409 107
410 74
411 2
412 24
413 323
414 21
415 4
416 3
417 360
418 2
419 1
420 2
421 42
422 351
423 61
424 78
425 379
426 294
427 116
428 300
429 200
430 63
431 25
432 0
433 114
434 394
435 64
436 23
437 138
438 24
439 199
440 393
441 80
442 349
443 0
444 393
445 153
446 272
447 138
448 4
449 20
450 61
451 0
452 78
453 2
454 192
455 329
456 2
457 297
458 195
459 214
460 294
461 121
462 212
463 4
464 215
465 242
466 277
467 1
468 350
469 192
470 232
471 2
472 134
473 423
474 2
475 32
476 4
477 459
478 182
479 39
480 406
481 61
482 229
483 21
484 6
485 24
486 125
487 394
488 3
489 395
490 91
491 2
492 297
493 7
494 468
495 294
496 377
497 18
498 96
499 0
500 278
501 3
502 80
503 43
504 496
505 1
506 28
507 11
508 27
509 6
510 192
511 397
512 451
513 12
514 309
515 211
516 218
517 426
518 100
519 440
520 226
521 6
522 208
523 164
524 89
525 466
526 147
527 174
528 145
529 29
530 80
531 61
532 1
533 334
534 15
535 2
536 79
537 184
538 2
539 16
540 7
541 218
542 105
543 195
544 258
545 97
546 250
547 82
548 382
549 190
550 17
551 495
552 422
553 82
554 539
555 12
556 445
557 182
558 102
559 215
560 276
561 2
562 41
563 34
564 89
565 451
566 279
567 295
568 454
569 84
570 88
571 465
572 49
573 83
574 184
575 71
576 303
577 313
578 308
579 310
580 6
581 21
582 40
583 266
584 482
585 79
586 150
587 3
588 482
589 22
590 152
591 250
592 107
593 276
594 3
595 2
596 2
597 1
598 75
599 52
600 286
601 6
602 88
603 2
604 271
605 309
606 21
607 286
608 224
609 257
610 180
611 3
612 181
613 2
614 582
615 124
616 579
617 315
618 172
619 279
620 291
621 83
622 89
623 2
624 404
625 11
626 2
627 56
628 383
629 24
630 61
631 138
632 0
633 116
634 155
635 226
636 359
637 93
638 78
639 450
640 567
641 243
642 638
643 2
644 199
645 476
646 90
647 57
648 48
649 1
650 237
651 91
652 0
653 1
654 126
655 476
656 575
657 96
658 339
659 240
660 427
661 501
662 218
663 229
664 2
665 414
666 134
667 226
668 226
669 214
670 443
671 294
672 79
673 0
674 43
675 79
676 33
677 396
678 89
679 506
680 4
681 351
682 264
683 542
684 20
685 195
686 555
687 414
688 639
689 23
690 559
691 437
692 628
693 495
694 549
695 271
696 22
697 263
698 44
699 41
700 375
701 434
702 16
703 354
704 158
705 2
706 455
707 512
708 6
709 64
710 229
711 154
712 412
713 23
714 378
715 707
716 0
717 294
718 339
719 18
720 2
721 49
722 323
723 503
724 222
725 93
726 439
727 37
728 293
729 37
730 27
731 689
732 55
733 1
734 432
735 10
736 2
737 0
738 85
739 298
740 83
741 120
742 120
743 3
744 218
745 359
746 82
747 312
748 569
749 214
750 238
751 2
752 157
753 44
754 128
755 558
756 179
757 3
758 237
759 378
760 454
761 562
762 547
763 61
764 565
765 310
766 424
767 521
768 446
769 577
770 631
771 638
772 212
773 145
774 4
775 91
776 521
777 134
778 20
779 0
780 331
781 462
782 2
783 3
784 111
785 364
786 506
787 12
788 10
789 2
790 89
791 0
792 757
793 325
794 2
795 660
796 315
797 142
798 0
799 42
800 117
801 336
802 483
803 1
804 544
805 8
806 315
807 240
808 781
809 173
810 33
811 73
812 492
813 89
814 187
815 295
816 4
817 791
818 462
819 12
820 168
821 414
822 819
823 490
824 333
825 312
826 740
827 393
828 69
829 266
830 69
831 247
832 421
833 44
834 247
835 201
836 758
837 375
838 484
839 319
840 165
841 530
842 462
843 824
844 32
845 330
846 700
847 294
848 715
849 218
850 206
851 174
852 673
853 756
854 24
855 50
856 32
857 454
858 760
859 331
860 2
861 351
862 1
863 267
864 257
865 175
866 2
867 860
868 7
869 310
870 2
871 22
872 378
873 91
874 85
875 373
876 145
877 158
878 41
879 400
880 22
881 218
882 226
883 561
884 168
885 0
886 93
887 120
888 7
889 601
890 470
891 707
892 366
893 376
894 237
895 475
896 479
897 821
898 197
899 116
900 6
901 739
902 601
903 190
904 5
905 684
906 518
907 2
908 156
909 796
910 2
911 22
912 39
913 6
914 313
915 6
916 346
917 306
918 434
919 483
920 770
921 412
922 82
923 597
924 127
925 920
926 547
927 36
928 23
929 135
930 25
931 310
932 32
933 860
934 29
935 132
936 84
937 7
938 32
939 2
940 551
941 539
942 732
943 0
944 192
945 173
946 600
947 201
948 230
949 525
950 48
951 295
952 4
953 809
954 761
955 702
956 2
957 229
958 379
959 529
960 543
961 60
962 795
963 597
964 34
965 294
966 2
967 264
968 597
969 476
970 1
971 514
972 295
973 811
974 748
975 612
976 89
977 152
978 228
979 2
980 415
981 0
982 572
983 556
984 42
985 21
986 2
987 443
988 1
989 116
990 477
991 624
992 192
993 956
994 400
995 84
996 226
997 760
998 3
999 4
1000 15
1001 15
1002 840
1003 90
1004 134
1005 661
1006 2
1007 663
1008 54
1009 810
1010 62
1011 73
1012 39
1013 47
1014 726
1015 774
1016 797
1017 727
1018 378
1019 2
1020 25
1021 29
1022 124
1023 206
1024 29
1025 815
1026 396
1027 303
1028 849
1029 279
1030 546
1031 1029
1032 969
1033 777
1034 733
1035 18
1036 141
1037 82
1038 25
1039 985
1040 567
1041 534
1042 1
1043 435
1044 693
1045 562
1046 703
1047 10
1048 542
1049 144
1050 446
1051 877
1052 828
1053 2
1054 630
1055 215
1056 0
1057 49
1058 188
1059 22
1060 892
1061 267
1062 57
1063 601
1064 871
1065 42
1066 1
1067 633
1068 49
1069 329
1070 700
1071 777
1072 115
1073 310
1074 1056
1075 811
1076 454
1077 49
1078 716
1079 145
1080 142
1081 2
1082 339
1083 173
1084 8
1085 111
1086 873
1087 40
1088 961
1089 10
1090 787
1091 869
1092 218
1093 48
1094 445
1095 342
1096 432
1097 199
1098 0
1099 818
1100 17
1101 79
1102 89
1103 512
1104 348
1105 1015
1106 412
1107 693
1108 199
1109 748
1110 604
1111 16
1112 297
1113 1
1114 0
1115 625
1116 120
1117 905
1118 238
1119 663
1120 2
1121 449
1122 1
1123 524
1124 1055
1125 285
1126 561
1127 79
1128 764
1129 475
1130 408
1131 79
1132 806
1133 240
1134 635
1135 135
1136 0
1137 261
1138 450
1139 190
1140 170
1141 1
1142 89
1143 412
1144 888
1145 215
1146 992
1147 171
1148 324
1149 0
1150 1090
1151 859
1152 222
1153 562
1154 124
1155 423
1156 292
1157 365
1158 2
1159 168
1160 58
1161 1018
1162 856
1163 1080
1164 435
1165 401
1166 3
1167 197
1168 105
1169 294
1170 3
1171 891
1172 105
1173 721
1174 1020
1175 412
1176 49
1177 89
1178 375
1179 896
1180 75
1181 102
1182 625
1183 884
1184 60
1185 40
1186 237
1187 938
1188 396
1189 1
1190 1178
1191 2
1192 455
1193 79
1194 29
1195 9
1196 60
1197 294
1198 1102
1199 2
1200 3
1201 132
1202 89
1203 315
1204 294
1205 206
1206 1029
1207 436
1208 94
1209 276
1210 197
1211 1094
1212 365
1213 844
1214 769
1215 782
1216 429
1217 918
1218 120
1219 1075
1220 85
1221 1085
1222 631
1223 15
1224 741
1225 277
1226 34
1227 1
1228 2
1229 257
1230 911
1231 18
1232 0
1233 49
1234 825
1235 788
1236 758
1237 538
1238 105
1239 761
1240 1053
1241 877
1242 74
1243 309
1244 1
1245 3
1246 1
1247 155
1248 638
1249 212
1250 37
1251 105
1252 39
1253 702
1254 18
1255 2
1256 345
1257 158
1258 817
1259 27
1260 1019
1261 17
1262 1
1263 38
1264 844
1265 79
1266 412
1267 147
1268 371
1269 559
1270 960
1271 1100
1272 1133
1273 7
1274 24
1275 397
1276 817
1277 1022
1278 3
1279 972
1280 864
1281 195
1282 390
1283 576
1284 263
1285 93
1286 1156
1287 1240
1288 693
1289 454
1290 89
1291 18
1292 44
1293 462
1294 307
1295 160
1296 64
1297 295
1298 624
1299 1165
1300 582
1301 1255
1302 73
1303 342
1304 73
1305 1053
1306 306
1307 134
1308 379
1309 427
1310 145
1311 155
1312 33
1313 105
1314 59
1315 1117
1316 727
1317 857
1318 558
1319 624
1320 90
1321 781
1322 2
1323 697
1324 976
1325 152
1326 2
1327 310
1328 1
1329 931
1330 507
1331 393
1332 482
1333 432
1334 809
1335 547
1336 650
1337 777
1338 1008
1339 29
1340 240
1341 827
1342 1
1343 261
1344 2
1345 345
1346 91
1347 3
1348 80
1349 1300
1350 346
1351 511
1352 3
1353 184
1354 1236
1355 1002
1356 152
1357 79
1358 107
1359 2
1360 1340
1361 37
1362 3
1363 61
1364 119
1365 843
1366 572
1367 4
1368 89
1369 22
1370 61
1371 434
1372 39
1373 547
1374 8
1375 285
1376 793
1377 147
1378 2
1379 101
1380 666
1381 1050
1382 443
1383 1039
1384 3
1385 871
1386 1384
1387 558
1388 532
1389 487
1390 484
1391 46
1392 1334
1393 74
1394 2
1395 79
1396 86
1397 229
1398 877
1399 93
1400 1130
1401 199
1402 748
1403 56
1404 2
1405 511
1406 174
1407 183
1408 627
1409 1342
1410 69
1411 1128
1412 167
1413 1286
1414 625
1415 52
1416 105
1417 177
1418 401
1419 114
1420 64
1421 7
1422 8
1423 720
1424 1013
1425 639
1426 955
1427 0
1428 342
1429 521
1430 1251
1431 115
1432 524
1433 799
1434 1090
1435 1192
1436 989
1437 527
1438 126
1439 878
1440 28
1441 427
1442 692
1443 222
1444 1424
1445 7
1446 240
1447 1
1448 691
1449 89
1450 39
1451 75
1452 46
1453 1077
1454 844
1455 2
1456 337
1457 2
1458 1346
1459 4
1460 462
1461 1353
1462 478
1463 1126
1464 240
1465 235
1466 247
1467 634
1468 994
1469 1314
1470 111
1471 0
1472 557
1473 2
1474 633
1475 261
1476 1345
1477 539
1478 56
1479 250
1480 168
1481 568
1482 968
1483 0
1484 8
1485 228
1486 105
1487 143
1488 1010
1489 1081
1490 135
1491 54
1492 474
1493 323
1494 1479
1495 278
1496 199
1497 261
1498 218
1499 501
1500 1151
1501 168
1502 229
1503 1358
1504 393
1505 261
1506 553
1507 903
1508 4
1509 29
1510 61
1511 4
1512 145
1513 331
1514 593
1515 164
1516 4
1517 563
1518 26
1519 114
1520 1029
1521 293
1522 1504
1523 74
1524 10
1525 411
1526 96
1527 0
1528 501
1529 900
1530 10
1531 1438
1532 206
1533 1253
1534 414
1535 75
1536 134
1537 346
1538 142
1539 261
1540 892
1541 1086
1542 229
1543 278
1544 809
1545 828
1546 6
1547 4
1548 871
1549 1103
1550 625
1551 199
1552 345
1553 7
1554 263
1555 49
1556 182
1557 1300
1558 79
1559 143
1560 32
1561 180
1562 46
1563 107
1564 61
1565 42
1566 172
1567 3
1568 393
1569 1456
1570 1022
1571 305
1572 1311
1573 44
1574 358
1575 342
1576 769
1577 89
1578 1383
1579 115
1580 134
1581 1063
1582 1056
1583 624
1584 999
1585 0
1586 97
1587 124
1588 1441
1589 1167
1590 421
1591 795
1592 93
1593 1350
1594 379
1595 7
1596 1083
1597 4
1598 120
1599 229
1600 655
1601 419
1602 294
1603 28
1604 1523
1605 4
1606 0
1607 1345
1608 266
1609 910
1610 51
1611 8
1612 281
1613 741
1614 440
1615 1090
1616 1126
1617 111
1618 397
1619 1226
1620 32
1621 1525
1622 460
1623 79
1624 3
1625 63
1626 59
1627 56
1628 60
1629 1490
1630 561
1631 882
1632 132
1633 757
1634 1008
1635 1385
1636 1410
1637 1162
1638 100
1639 10
1640 3
1641 1343
1642 32
1643 1313
1644 206
1645 1504
1646 231
1647 175
1648 774
1649 1303
1650 230
1651 299
1652 756
1653 109
1654 379
1655 451
1656 1063
1657 1044
1658 918
1659 390
1660 1131
1661 511
1662 120
1663 197
1664 2
1665 1382
1666 970
1667 221
1668 124
1669 74
1670 171
1671 2
1672 1303
1673 93
1674 265
1675 32
1676 1288
1677 612
1678 1029
1679 61
1680 332
1681 976
1682 306
1683 681
1684 1085
1685 46
1686 171
1687 1562
1688 846
1689 61
1690 1260
1691 2
1692 932
1693 2
1694 24
1695 5
1696 509
1697 542
1698 473
1699 79
1700 4
1701 148
1702 3
1703 279
1704 25
1705 96
1706 1141
1707 433
1708 115
1709 1667
1710 1434
1711 22
1712 127
1713 853
1714 375
1715 138
1716 197
1717 461
1718 1125
1719 450
1720 3
1721 1177
1722 518
1723 10
1724 438
1725 1542
1726 896
1727 379
1728 342
1729 1456
1730 510
1731 224
1732 1352
1733 757
1734 22
1735 437
1736 17
1737 126
1738 507
1739 1084
1740 229
1741 1285
1742 965
1743 370
1744 218
1745 331
1746 582
1747 240
1748 695
1749 532
1750 400
1751 1225
1752 56
1753 0
1754 15
1755 2
1756 82
1757 105
1758 289
1759 873
1760 333
1761 26
1762 508
1763 1294
1764 1138
1765 80
1766 1503
1767 168
1768 32
1769 638
1770 0
1771 1614
1772 499
1773 258
1774 0
1775 91
1776 1386
1777 611
1778 38
1779 1
1780 496
1781 1492
1782 757
1783 84
1784 286
1785 1663
1786 9
1787 277
1788 446
1789 195
1790 187
1791 694
1792 104
1793 141
1794 496
1795 1445
1796 400
1797 188
1798 811
1799 375
1800 595
1801 295
1802 1526
1803 22
1804 791
1805 36
1806 100
1807 18
1808 11
1809 850
1810 1234
1811 426
1812 364
1813 769
1814 306
1815 740
1816 10
1817 1251
1818 237
1819 1395
1820 476
1821 1683
1822 277
1823 955
1824 721
1825 247
1826 1203
1827 1326
1828 3
1829 1008
1830 231
1831 93
1832 1226
1833 1118
1834 127
1835 562
1836 50
1837 24
1838 1049
1839 303
1840 134
1841 48
1842 530
1843 96
1844 182
1845 89
1846 791
1847 888
1848 819
1849 760
1850 3
1851 195
1852 1675
1853 184
1854 169
1855 44
1856 240
1857 132
1858 1713
1859 93
1860 118
1861 721
1862 1055
1863 620
1864 126
1865 935
1866 206
1867 942
1868 1
1869 903
1870 741
1871 25
1872 961
1873 262
1874 499
1875 1390
1876 639
1877 446
1878 2
1879 838
1880 558
1881 222
1882 600
1883 1086
1884 1
1885 0
1886 547
1887 1046
1888 141
1889 1177
1890 1311
1891 982
1892 157
1893 534
1894 298
1895 12
1896 278
1897 10
1898 837
1899 44
1900 892
1901 844
1902 1026
1903 1491
1904 1078
1905 601
1906 124
1907 20
1908 126
1909 1018
1910 1823
1911 443
1912 84
1913 1219
1914 715
1915 226
1916 436
1917 1911
1918 261
1919 1720
1920 89
1921 758
1922 624
1923 38
1924 1661
1925 395
1926 788
1927 2
1928 819
1929 1052
1930 12
1931 810
1932 78
1933 96
1934 1026
1935 1913
1936 1085
1937 1535
1938 563
1939 1532
1940 1456
1941 737
1942 1001
1943 1029
1944 41
1945 1095
1946 41
1947 307
1948 737
1949 996
1950 1336
1951 1523
1952 3
1953 294
1954 711
1955 454
1956 393
1957 1120
1958 643
1959 216
1960 658
1961 246
1962 1086
1963 7
1964 10
1965 1953
1966 2
1967 297
1968 18
1969 327
1970 363
1971 134
1972 396
1973 91
1974 126
1975 807
1976 1564
1977 1518
1978 393
1979 323
1980 96
1981 1842
1982 1072
1983 226
1984 1028
1985 721
1986 761
1987 1578
1988 914
1989 102
1990 20
1991 549
1992 1013
1993 631
1994 1
1995 509
1996 412
1997 1883
1998 1570
1999 980
2000 115
2001 17
2002 134
2003 427
2004 737
2005 2
2006 294
2007 23
2008 2000
2009 1084
2010 2
2011 0
2012 918
2013 1842
2014 999
2015 1117
2016 37
2017 917
2018 757
2019 877
2020 1924
2021 4
2022 1661
2023 1493
2024 795
2025 1592
2026 664
2027 42
2028 1632
2029 663
2030 132
2031 58
2032 791
2033 1406
2034 903
2035 1493
2036 402
2037 1968
2038 878
2039 1018
2040 3
2041 1350
2042 1121
2043 1940
2044 1420
2045 197
2046 24
2047 83
2048 169
2049 1842
2050 1449
2051 120
2052 89
2053 1532
2054 378
2055 84
2056 1774
2057 1151
2058 303
2059 283
2060 634
2061 816
2062 1829
2063 1102
2064 1102
2065 303
2066 624
2067 1985
2068 812
2069 218
2070 379
2071 811
2072 1000
2073 490
2074 918
2075 141
2076 18
2077 4
2078 38
2079 423
2080 64
2081 864
2082 1522
2083 138
2084 1385
2085 811
2086 1752
2087 17
2088 126
2089 508
2090 1020
2091 1028
2092 22
2093 285
2094 476
2095 1936
2096 16
2097 427
2098 11
2099 559
2100 218
2101 1307
2102 1420
2103 1126
2104 665
2105 3
2106 74
2107 2068
2108 379
2109 868
2110 1085
2111 1710
2112 1493
2113 1771
2114 484
2115 478
2116 1102
2117 1203
2118 305
2119 1158
2120 152
2121 277
2122 2
2123 1429
2124 1209
2125 397
2126 98
2127 7
2128 142
2129 828
2130 1245
2131 222
2132 131
2133 493
2134 1192
2135 673
2136 255
2137 1028
2138 1998
2139 338
2140 152
2141 1686
2142 757
2143 791
2144 256
2145 1369
2146 1470
2147 1420
2148 382
2149 7
2150 856
2151 2075
2152 1018
2153 530
2154 74
2155 698
2156 118
2157 1593
2158 177
2159 2113
2160 1445
2161 344
2162 222
2163 337
2164 931
2165 1878
2166 1770
2167 163
2168 1256
2169 595
2170 1968
2171 1829
2172 892
2173 2
2174 144
2175 180
2176 1360
2177 138
2178 177
2179 266
2180 1826
2181 1456
2182 124
2183 223
2184 111
2185 2017
2186 126
2187 1910
2188 1457
2189 20
2190 739
2191 108
2192 302
2193 80
2194 1354
2195 1768
2196 206
2197 3
2198 1238
2199 1125
2200 693
2201 661
2202 294
2203 23
2204 4
2205 1314
2206 2
2207 222
2208 206
2209 42
2210 604
2211 229
2212 1204
2213 794
2214 750
2215 1901
2216 966
2217 1102
2218 757
2219 6
2220 192
2221 1
2222 1320
2223 2211
2224 756
2225 205
2226 495
2227 39
2228 583
2229 79
2230 674
2231 307
2232 572
2233 1020
2234 1152
2235 1103
2236 844
2237 29
2238 2048
2239 1181
2240 3
2241 112
2242 551
2243 38
2244 2127
2245 461
2246 1375
2247 840
2248 1343
2249 842
2250 1574
2251 185
2252 2243
2253 1654
2254 253
2255 52
2256 22
2257 2093
2258 2164
2259 777
2260 24
2261 4
2262 240
2263 351
2264 415
2265 1212
2266 1457
2267 809
2268 1750
2269 731
2270 1873
2271 91
2272 115
2273 75
2274 434
2275 229
2276 101
2277 1577
2278 1391
2279 1667
2280 355
2281 443
2282 2055
2283 3
2284 1415
2285 204
2286 615
2287 107
2288 1020
2289 192
2290 69
2291 1744
2292 505
2293 1624
2294 1910
2295 791
2296 56
2297 450
2298 1063
2299 1528
2300 2218
2301 2145
2302 605
2303 12
2304 3
2305 772
2306 1715
2307 811
2308 839
2309 783
2310 184
2311 1433
2312 341
2313 1801
2314 29
2315 2169
2316 3
2317 401
2318 270
2319 294
2320 0
2321 229
2322 97
2323 1417
2324 554
2325 4
2326 1842
2327 364
2328 758
2329 454
2330 1151
2331 759
2332 798
2333 851
2334 89
2335 319
2336 1402
2337 1918
2338 756
2339 1532
2340 1489
2341 2106
2342 1386
2343 89
2344 924
2345 622
2346 1667
2347 1592
2348 1245
2349 1110
2350 894
2351 370
2352 1819
2353 2271
2354 675
2355 145
2356 845
2357 1085
2358 970
2359 2132
2360 758
2361 173
2362 620
2363 93
2364 1819
2365 71
2366 49
2367 1230
2368 1121
2369 749
2370 914
2371 2354
2372 2371
2373 847
2374 631
2375 662
2376 3
2377 1648
2378 1900
2379 739
2380 153
2381 0
2382 2077
2383 1589
2384 21
2385 39
2386 1746
2387 344
2388 1386
2389 4
2390 253
2391 1
2392 7
2393 320
2394 0
2395 121
2396 795
2397 1338
2398 296
2399 459
2400 28
2401 1641
2402 375
2403 240
2404 2100
2405 854
2406 774
2407 1836
2408 821
2409 129
2410 245
2411 126
2412 944
2413 1029
2414 1039
2415 1392
2416 605
2417 634
2418 79
2419 427
2420 538
2421 2347
2422 1909
2423 2
2424 7
2425 17
2426 368
2427 240
2428 2111
2429 1681
2430 803
2431 596
2432 379
2433 2061
2434 669
2435 27
2436 1812
2437 426
2438 1383
2439 2417
2440 124
2441 2
2442 529
2443 30
2444 303
2445 281
2446 2179
2447 1
2448 2173
2449 1492
2450 1475
2451 1474
2452 1384
2453 918
2454 2
2455 3
2456 761
2457 1189
2458 42
2459 200
2460 1318
2461 266
2462 294
2463 639
2464 2051
2465 2199
2466 2111
2467 1836
2468 808
2469 2179
2470 1176
2471 229
2472 2426
2473 445
2474 2187
2475 901
2476 601
2477 70
2478 1307
2479 3
2480 259
2481 631
2482 117
2483 1
2484 60
2485 732
2486 225
2487 1799
2488 757
2489 298
2490 0
2491 29
2492 203
2493 758
2494 0
2495 1457
2496 7
2497 2106
2498 1622
2499 105
2500 367
2501 499
2502 1496
2503 1915
2504 2101
2505 741
2506 1035
2507 152
2508 938
2509 1033
2510 1283
2511 2282
2512 817
2513 49
2514 298
2515 1858
2516 1520
2517 1384
2518 2232
2519 1640
2520 25
2521 32
2522 2
2523 2240
2524 487
2525 98
2526 1026
2527 93
2528 278
2529 1459
2530 1062
2531 2302
2532 58
2533 1020
2534 80
2535 450
2536 8
2537 395
2538 1450
2539 1491
2540 1763
2541 1215
2542 423
2543 634
2544 1042
2545 11
2546 206
2547 84
2548 132
2549 988
2550 2
2551 2443
2552 282
2553 2455
2554 727
2555 3
2556 833
2557 437
2558 49
2559 403
2560 57
2561 230
2562 119
2563 3
2564 180
2565 905
2566 1884
2567 285
2568 869
2569 2187
2570 1390
2571 2
2572 1596
2573 1033
2574 10
2575 24
2576 726
2577 918
2578 484
2579 1
2580 1133
2581 2471
2582 451
2583 8
2584 297
2585 1745
2586 25
2587 2114
2588 884
2589 1310
2590 89
2591 979
2592 2
2593 199
2594 816
2595 983
2596 1031
2597 1829
2598 788
2599 1075
2600 846
2601 2392
2602 276
2603 3
2604 1117
2605 105
2606 1636
2607 1866
2608 147
2609 2029
2610 628
2611 827
2612 1524
2613 1
2614 1401
2615 558
2616 219
2617 475
2618 1092
2619 17
2620 2232
2621 2
2622 118
2623 1478
2624 773
2625 277
2626 0
2627 2180
2628 1303
2629 195
2630 1555
2631 3
2632 114
2633 154
2634 795
2635 2
2636 49
2637 771
2638 384
2639 549
2640 1897
2641 2
2642 443
2643 61
2644 1443
2645 339
2646 379
2647 64
2648 338
2649 653
2650 261
2651 371
2652 811
2653 1294
2654 557
2655 365
2656 113
2657 2634
2658 61
2659 345
2660 547
2661 115
2662 1821
2663 2143
2664 1313
2665 495
2666 1323
2667 218
2668 622
2669 83
2670 589
2671 279
2672 466
2673 2
2674 542
2675 237
2676 294
2677 1
2678 811
2679 1915
2680 1572
2681 1042
2682 809
2683 1208
2684 2561
2685 611
2686 2312
2687 1275
2688 1126
2689 1462
2690 2201
2691 817
2692 418
2693 393
2694 1700
2695 96
2696 207
2697 8
2698 396
2699 294
2700 510
2701 7
2702 559
2703 675
2704 10
2705 1668
2706 49
2707 1144
2708 1815
2709 475
2710 126
2711 1987
2712 1570
2713 294
2714 10
2715 4
2716 134
2717 726
2718 463
2719 903
2720 679
2721 2290
2722 487
2723 120
2724 857
2725 2251
2726 795
2727 987
2728 105
2729 1075
2730 554
2731 1768
2732 261
2733 892
2734 762
2735 1240
2736 2545
2737 44
2738 230
2739 2
2740 0
2741 434
2742 49
2743 89
2744 1051
2745 1
2746 2258
2747 1587
2748 2066
2749 365
2750 681
2751 888
2752 452
2753 1746
2754 79
2755 160
2756 795
2757 301
2758 1361
2759 538
2760 1587
2761 612
2762 3
2763 756
2764 2374
2765 561
2766 1121
2767 124
2768 184
2769 1654
2770 2754
2771 467
2772 134
2773 96
2774 1970
2775 601
2776 1179
2777 1
2778 294
2779 79
2780 2735
2781 2774
2782 761
2783 2015
2784 8
2785 826
2786 2092
2787 1314
2788 469
2789 978
2790 1414
2791 1310
2792 231
2793 2102
2794 1067
2795 528
2796 1177
2797 2127
2798 840
2799 46
2800 79
2801 317
2802 1094
2803 2335
2804 342
2805 548
2806 1157
2807 1
2808 116
2809 828
2810 2310
2811 1852
2812 139
2813 1731
2814 1101
2815 192
2816 134
2817 174
2818 809
2819 1588
2820 1920
2821 2
2822 1683
2823 2639
2824 55
2825 0
2826 2107
2827 1273
2828 400
2829 467
2830 1700
2831 22
2832 2443
2833 370
2834 2034
2835 1910
2836 1731
2837 116
2838 1178
2839 1752
2840 1159
2841 1553
2842 720
2843 450
2844 1516
2845 733
2846 1540
2847 250
2848 1034
2849 2224
2850 634
2851 1829
2852 2541
2853 503
2854 2173
2855 920
2856 1405
2857 2618
2858 1700
2859 753
2860 788
2861 2
2862 1118
2863 538
2864 1910
2865 218
2866 978
2867 944
2868 574
2869 2508
2870 1500
2871 451
2872 400
2873 1177
2874 147
2875 1734
2876 106
2877 315
2878 849
2879 37
2880 0
2881 346
2882 185
2883 349
2884 621
2885 2340
2886 1751
2887 562
2888 450
2889 1523
2890 1094
2891 400
2892 3
2893 74
2894 111
2895 42
2896 48
2897 512
2898 4
2899 1724
2900 1908
2901 732
2902 828
2903 38
2904 1983
2905 111
2906 787
2907 2677
2908 2018
2909 2190
2910 814
2911 810
2912 195
2913 547
2914 1567
2915 7
2916 1064
2917 3
2918 3
2919 93
2920 1296
2921 128
2922 2690
2923 2113
2924 532
2925 870
2926 364
2927 1915
2928 123
2929 4
2930 1750
2931 80
2932 2191
2933 79
2934 807
2935 2236
2936 667
2937 191
2938 4
2939 34
2940 473
2941 29
2942 2673
2943 2942
2944 103
2945 2099
2946 5
2947 1868
2948 56
2949 2048
2950 2930
2951 3
2952 0
2953 134
2954 1144
2955 1415
2956 1390
2957 511
2958 1622
2959 1829
2960 490
2961 331
2962 764
2963 1285
2964 53
2965 1053
2966 2436
2967 195
2968 1950
2969 964
2970 1999
2971 911
2972 93
2973 591
2974 2180
2975 1273
2976 1421
2977 106
2978 1262
2979 793
2980 366
2981 1189
2982 1672
2983 2634
2984 2468
2985 618
2986 1632
2987 1901
2988 424
2989 406
2990 1921
2991 0
2992 46
2993 303
2994 299
2995 306
2996 1377
2997 2407
2998 1429
2999 758
3000 405
3001 1984
3002 7
3003 1793
3004 2912
3005 1456
3006 7
3007 226
3008 1375
3009 2960
3010 126
3011 402
3012 4
3013 174
3014 116
3015 586
3016 2659
3017 854
3018 1453
3019 142
3020 972
3021 511
3022 1690
3023 8
3024 1915
3025 2896
3026 917
3027 426
3028 12
3029 888
3030 1323
3031 773
3032 1478
3033 918
3034 346
3035 472
3036 79
3037 10
3038 102
3039 260
3040 15
3041 1343
3042 1549
3043 1283
3044 1144
3045 2137
3046 1
3047 1814
3048 1335
3049 2978
3050 89
3051 93
3052 2344
3053 2867
3054 1008
3055 192
3056 2311
3057 103
3058 2127
3059 109
3060 638
3061 572
3062 447
3063 2046
3064 495
3065 218
3066 622
3067 134
3068 1018
3069 124
3070 1090
3071 1954
3072 2394
3073 892
3074 593
3075 2074
3076 2557
3077 2
3078 1353
3079 2028
3080 1445
3081 183
3082 49
3083 2
3084 619
3085 2278
3086 4
3087 662
3088 2177
3089 1624
3090 8
3091 294
3092 661
3093 2310
3094 120
3095 1326
3096 24
3097 344
3098 786
3099 93
3100 1307
3101 32
3102 720
3103 917
3104 22
3105 2256
3106 2635
3107 769
3108 400
3109 2087
3110 436
3111 28
3112 1313
3113 1245
3114 2036
3115 310
3116 2786
3117 319
3118 1763
3119 249
3120 155
3121 257
3122 624
3123 542
3124 230
3125 935
3126 187
3127 2407
3128 592
3129 3
3130 2399
3131 475
3132 306
3133 147
3134 1829
3135 2754
3136 1672
3137 1745
3138 3097
3139 595
3140 2547
3141 1177
3142 89
3143 2152
3144 152
3145 514
3146 1696
3147 1586
3148 1053
3149 3065
3150 0
3151 2820
3152 1055
3153 666
3154 579
3155 406
3156 1133
3157 1117
3158 561
3159 1
3160 29
3161 1125
3162 185
3163 37
3164 3
3165 468
3166 115
3167 2
3168 2443
3169 218
3170 1836
3171 1015
3172 2
3173 174
3174 2232
3175 2276
3176 29
3177 1570
3178 1592
3179 4
3180 21
3181 2560
3182 2721
3183 371
3184 761
3185 1759
3186 1879
3187 58
3188 1546
3189 891
3190 578
3191 174
3192 2121
3193 25
3194 911
3195 1829
3196 2196
3197 2270
3198 237
3199 963
3200 1284
3201 412
3202 1212
3203 3016
3204 1667
3205 2586
3206 3084
3207 1418
3208 2
3209 1098
3210 2153
3211 364
3212 1719
3213 822
3214 575
3215 1
3216 999
3217 971
3218 795
3219 2676
3220 357
3221 240
3222 1710
3223 454
3224 340
3225 954
3226 3167
3227 2616
3228 147
3229 212
3230 292
3231 2387
3232 44
3233 2556
3234 174
3235 2516
3236 973
3237 189
3238 2904
3239 634
3240 1824
3241 1
3242 605
3243 1624
3244 312
3245 1445
3246 103
3247 83
3248 631
3249 115
3250 2761
3251 3241
3252 2116
3253 84
3254 1090
3255 2805
3256 532
3257 2385
3258 37
3259 237
3260 226
3261 1459
3262 379
3263 3246
3264 828
3265 1283
3266 1009
3267 1579
3268 1061
3269 280
3270 2548
3271 3252
3272 10
3273 2388
3274 119
3275 771
3276 84
3277 1359
3278 1418
3279 1345
3280 2156
3281 2530
3282 1345
3283 2450
3284 3064
3285 2814
3286 2
3287 3
3288 2446
3289 2399
3290 1520
3291 1855
3292 1039
3293 1033
3294 218
3295 1361
3296 3164
3297 192
3298 2237
3299 3056
3300 512
3301 816
3302 1690
3303 2133
3304 2211
3305 2560
3306 2
3307 43
3308 56
3309 32
3310 33
3311 3139
3312 479
3313 1842
3314 913
3315 69
3316 94
3317 1710
3318 2451
3319 871
3320 996
3321 231
3322 1998
3323 492
3324 199
3325 2106
3326 1520
3327 69
3328 1947
3329 309
3330 1019
3331 487
3332 79
3333 1640
3334 79
3335 3305
3336 2376
3337 1988
3338 83
3339 187
3340 1300
3341 44
3342 999
3343 352
3344 2617
3345 2249
3346 1804
3347 1245
3348 364
3349 22
3350 1634
3351 2177
3352 356
3353 1745
3354 1851
3355 454
3356 3112
3357 1423
3358 2
3359 811
3360 44
3361 327
3362 969
3363 2252
3364 843
3365 89
3366 1522
3367 435
3368 2
3369 42
3370 7
3371 1255
3372 1031
3373 98
3374 2100
3375 914
3376 29
3377 3
3378 1650
3379 142
3380 2512
3381 3314
3382 2813
3383 2
3384 32
3385 1958
3386 154
3387 4
3388 2793
3389 2232
3390 838
3391 401
3392 365
3393 1423
3394 2451
3395 294
3396 1421
3397 979
3398 1039
3399 384
3400 346
3401 548
3402 914
3403 98
3404 495
3405 82
3406 611
3407 3
3408 2269
3409 222
3410 72
3411 2
3412 1872
3413 2128
3414 1490
3415 3241
3416 2236
3417 2352
3418 39
3419 3114
3420 2187
3421 468
3422 11
3423 1
3424 1711
3425 1284
3426 2518
3427 3266
3428 344
3429 2733
3430 2436
3431 2
3432 1392
3433 2
3434 1156
3435 1
3436 24
3437 426
3438 2290
3439 3
3440 2668
3441 142
3442 6
3443 411
3444 728
3445 229
3446 2706
3447 3
3448 611
3449 279
3450 1311
3451 1861
3452 2738
3453 2310
3454 907
3455 760
3456 1283
3457 562
3458 127
3459 130
3460 2041
3461 1719
3462 481
3463 120
3464 3286
3465 328
3466 1189
3467 491
3468 126
3469 761
3470 53
3471 298
3472 82
3473 1065
3474 1881
3475 1018
3476 2
3477 1119
3478 336
3479 402
3480 2983
3481 491
3482 148
3483 159
3484 3232
3485 7
3486 451
3487 365
3488 579
3489 64
3490 2160
3491 711
3492 2173
3493 2512
3494 1991
3495 195
3496 412
3497 702
3498 81
3499 1525
3500 1955
3501 1279
3502 279
3503 240
3504 965
3505 2616
3506 1866
3507 121
3508 1
3509 331
3510 669
3511 1235
3512 446
3513 263
3514 1492
3515 506
3516 379
3517 594
3518 3103
3519 2634
3520 961
3521 2393
3522 2432
3523 465
3524 1751
3525 1326
3526 511
3527 195
3528 2183
3529 1085
3530 96
3531 638
3532 378
3533 275
3534 3508
3535 4
3536 3044
3537 1285
3538 2762
3539 1
3540 911
3541 759
3542 1049
3543 143
3544 2113
3545 3
3546 3407
3547 460
3548 2447
3549 1173
3550 441
3551 2
3552 542
3553 547
3554 2357
3555 1999
3556 475
3557 1687
3558 661
3559 2936
3560 527
3561 1592
3562 2395
3563 518
3564 3
3565 577
3566 2099
3567 658
3568 365
3569 79
3570 379
3571 2805
3572 52
3573 630
3574 1798
3575 184
3576 251
3577 1595
3578 926
3579 733
3580 2593
3581 1672
3582 842
3583 601
3584 847
3585 1587
3586 901
3587 1103
3588 89
3589 105
3590 2617
3591 1465
3592 211
3593 1829
3594 1151
3595 573
3596 1008
3597 345
3598 2706
3599 2350
3600 1690
3601 2131
3602 761
3603 2568
3604 0
3605 3543
3606 2128
3607 482
3608 3291
3609 2
3610 2585
3611 26
3612 313
3613 240
3614 0
3615 229
3616 375
3617 524
3618 3194
3619 2951
3620 3585
3621 1159
3622 562
3623 796
3624 871
3625 987
3626 88
3627 918
3628 3430
3629 1893
3630 475
3631 277
3632 4
3633 1628
3634 3403
3635 20
3636 2592
3637 521
3638 462
3639 3580
3640 3625
3641 3026
3642 2762
3643 2903
3644 1313
3645 199
3646 495
3647 772
3648 643
3649 114
3650 758
3651 4
3652 389
3653 2269
3654 1172
3655 22
3656 351
3657 2575
3658 1300
3659 2834
3660 10
3661 2231
3662 22
3663 1098
3664 807
3665 3222
3666 2473
3667 3205
3668 2630
3669 139
3670 2832
3671 55
3672 1213
3673 1
3674 2053
3675 1378
3676 1999
3677 3315
3678 2314
3679 1289
3680 477
3681 1335
3682 1555
3683 666
3684 53
3685 84
3686 1690
3687 2589
3688 2933
3689 375
3690 145
3691 2744
3692 6
3693 2
3694 1578
3695 2
3696 1
3697 1195
3698 281
3699 3070
3700 2124
3701 811
3702 1029
3703 733
3704 3063
3705 3260
3706 3114
3707 102
3708 154
3709 89
3710 333
3711 2804
3712 2018
3713 42
3714 673
3715 1359
3716 3005
3717 515
3718 2372
3719 2035
3720 827
3721 936
3722 1128
3723 3336
3724 1844
3725 643
3726 842
3727 2170
3728 2470
3729 850
3730 2697
3731 1668
3732 2688
3733 1406
3734 294
3735 292
3736 222
3737 134
3738 41
3739 1482
3740 3
3741 3733
3742 1690
3743 98
3744 119
3745 7
3746 3343
3747 413
3748 1818
3749 1300
3750 2391
3751 758
3752 375
3753 2798
3754 1020
3755 2296
3756 353
3757 334
3758 2022
3759 757
3760 0
3761 842
3762 501
3763 2
3764 3253
3765 826
3766 2896
3767 1445
3768 2734
3769 131
3770 405
3771 199
3772 2435
3773 3
3774 896
3775 0
3776 465
3777 1940
3778 1667
3779 910
3780 22
3781 418
3782 394
3783 294
3784 1908
3785 2214
3786 240
3787 119
3788 1820
3789 727
3790 562
3791 722
3792 2232
3793 293
3794 3142
3795 3361
3796 432
3797 287
3798 2821
3799 55
3800 4
3801 240
3802 2816
3803 465
3804 1331
3805 240
3806 39
3807 1294
3808 3383
3809 246
3810 382
3811 79
3812 96
3813 1103
3814 2359
3815 169
3816 3708
3817 878
3818 114
3819 32
3820 195
3821 3774
3822 126
3823 2107
3824 371
3825 971
3826 2820
3827 1163
3828 3343
3829 1700
3830 1146
3831 22
3832 121
3833 1392
3834 306
3835 1076
3836 2
3837 3801
3838 1638
3839 2064
3840 1774
3841 2152
3842 3217
3843 871
3844 1235
3845 1250
3846 638
3847 2935
3848 954
3849 138
3850 3815
3851 1660
3852 2422
3853 1164
3854 1637
3855 3
3856 2906
3857 1883
3858 2915
3859 84
3860 63
3861 1915
3862 3
3863 811
3864 1445
3865 561
3866 762
3867 869
3868 294
3869 4
3870 4
3871 3535
3872 393
3873 132
3874 2213
3875 2925
3876 842
3877 111
3878 107
3879 1190
3880 1567
3881 3766
3882 1958
3883 73
3884 2635
3885 29
3886 33
3887 1711
3888 1999
3889 333
3890 2986
3891 91
3892 2778
3893 2766
3894 153
3895 2945
3896 2180
3897 1507
3898 851
3899 2
3900 1
3901 1433
3902 0
3903 639
3904 1592
3905 821
3906 702
3907 2690
3908 1196
3909 979
3910 2737
3911 155
3912 2614
3913 2815
3914 1362
3915 3604
3916 294
3917 3893
3918 1450
3919 1342
3920 93
3921 1549
3922 36
3923 118
3924 1176
3925 3517
3926 1926
3927 1353
3928 2
3929 294
3930 2377
3931 180
3932 883
3933 240
3934 3809
3935 3152
3936 851
3937 513
3938 2288
3939 3
3940 7
3941 71
3942 3678
3943 669
3944 961
3945 1855
3946 138
3947 2068
3948 1494
3949 7
3950 7
3951 795
3952 1062
3953 3656
3954 2
3955 3658
3956 218
3957 313
3958 3787
3959 1130
3960 3272
3961 129
3962 9
3963 126
3964 638
3965 3761
3966 258
3967 3141
3968 1659
3969 1421
3970 3406
3971 401
3972 2186
3973 2
3974 3108
3975 770
3976 87
3977 358
3978 474
3979 111
3980 3088
3981 926
3982 36
3983 1157
3984 117
3985 793
3986 859
3987 722
3988 728
3989 1102
3990 259
3991 378
3992 3206
3993 49
3994 375
3995 287
3996 20
3997 130
3998 2934
3999 1039
4000 7
4001 2430
4002 434
4003 1739
4004 3175
4005 1350
4006 1994
4007 145
4008 331
4009 638
4010 115
4011 148
4012 1482
4013 3063
4014 96
4015 2733
4016 1038
4017 82
4018 825
4019 1526
4020 116
4021 2363
4022 1119
4023 75
4024 1055
4025 2129
4026 2274
4027 3567
4028 403
4029 1915
4030 1521
4031 1177
4032 1521
4033 733
4034 1836
4035 171
4036 429
4037 1300
4038 424
4039 258
4040 854
4041 1474
4042 10
4043 3016
4044 3156
4045 229
4046 831
4047 3287
4048 3736
4049 2
4050 471
4051 2429
4052 12
4053 957
4054 1431
4055 3382
4056 434
4057 1431
4058 3669
4059 2874
4060 871
4061 2028
4062 79
4063 733
4064 278
4065 3627
4066 3656
4067 267
4068 661
4069 127
4070 707
4071 2819
4072 245
4073 796
4074 2041
4075 601
4076 401
4077 4063
4078 3937
4079 3
4080 3916
4081 3728
4082 2310
4083 295
4084 222
4085 1378
4086 1
4087 168
4088 3470
4089 147
4090 2099
4091 2357
4092 654
4093 2986
4094 2636
4095 222
4096 3808
4097 1880
4098 711
4099 292
4100 0
4101 2
4102 769
4103 2755
4104 242
4105 460
4106 7
4107 65
4108 3
4109 3927
4110 1088
4111 91
4112 7
4113 2187
4114 1445
4115 1642
4116 400
4117 508
4118 72
4119 181
4120 3497
4121 3382
4122 90
4123 1704
4124 1119
4125 105
4126 2534
4127 2179
4128 2218
4129 3021
4130 1546
4131 2933
4132 1203
4133 28
4134 1549
4135 2310
4136 36
4137 1608
4138 524
4139 1555
4140 2240
4141 696
4142 1581
4143 2766
4144 2129
4145 2
4146 4
4147 1283
4148 978
4149 1057
4150 16
4151 2634
4152 3982
4153 2
4154 1660
4155 1472
4156 2537
4157 7
4158 2
4159 406
4160 1524
4161 1585
4162 604
4163 2387
4164 3910
4165 2632
4166 4016
4167 2762
4168 914
4169 1273
4170 74
4171 1175
4172 1540
4173 3564
4174 1632
4175 307
4176 1069
4177 869
4178 1461
4179 3267
4180 918
4181 105
4182 2352
4183 1005
4184 2555
4185 2245
4186 2886
4187 3231
4188 1711
4189 643
4190 294
4191 4
4192 1767
4193 1
4194 2823
4195 3690
4196 2413
4197 3866
4198 466
4199 3156
4200 11
4201 294
4202 126
4203 2175
4204 646
4205 1364
4206 1821
4207 700
4208 1
4209 1054
4210 3944
4211 1619
4212 1080
4213 2896
4214 3106
4215 909
4216 3
4217 91
4218 1994
4219 3457
4220 41
4221 698
4222 0
4223 1776
4224 3906
4225 4207
4226 450
4227 883
4228 3614
4229 2729
4230 272
4231 733
4232 1624
4233 2836
4234 1450
4235 116
4236 521
4237 2688
4238 1600
4239 2420
4240 3072
4241 1404
4242 184
4243 3620
4244 590
4245 827
4246 3176
4247 1320
4248 1115
4249 309
4250 789
4251 267
4252 2069
4253 2359
4254 1238
4255 1024
4256 1917
4257 787
4258 1359
4259 1331
4260 0
4261 3885
4262 39
4263 1582
4264 3374
4265 126
4266 2220
4267 2
4268 352
4269 892
4270 138
4271 1203
4272 1879
4273 4175
4274 1648
4275 44
4276 581
4277 462
4278 2
4279 285
4280 4025
4281 1
4282 1343
4283 1750
4284 1029
4285 985
4286 3820
4287 1548
4288 3811
4289 11
4290 1029
4291 1698
4292 10
4293 869
4294 1
4295 345
4296 1925
4297 177
4298 237
4299 1581
4300 1177
4301 2872
4302 2932
4303 1484
4304 75
4305 3976
4306 2789
4307 1765
4308 482
4309 229
4310 594
4311 2158
4312 215
4313 182
4314 3275
4315 3995
4316 22
4317 12
4318 17
4319 1925
4320 4028
4321 1503
4322 492
4323 218
4324 2192
4325 2302
4326 3757
4327 3535
4328 2695
4329 1955
4330 4
4331 597
4332 3759
4333 1283
4334 2685
4335 837
4336 3944
4337 1659
4338 1727
4339 102
4340 1772
4341 371
4342 2232
4343 2225
4344 48
4345 1383
4346 818
4347 294
4348 1491
4349 652
4350 1368
4351 2
4352 4061
4353 1449
4354 1672
4355 3
4356 28
4357 1818
4358 1321
4359 1579
4360 42
4361 306
4362 639
4363 3815
4364 3483
4365 2179
4366 36
4367 286
4368 3384
4369 4301
4370 294
4371 817
4372 140
4373 8
4374 1936
4375 2394
4376 1109
4377 2289
4378 1541
4379 2274
4380 1967
4381 2180
4382 2983
4383 2107
4384 174
4385 1130
4386 82
4387 3943
4388 3135
4389 877
4390 566
4391 121
4392 1078
4393 1421
4394 2259
4395 22
4396 492
4397 2762
4398 1355
4399 3251
4400 2021
4401 2
4402 60
4403 759
4404 703
4405 1084
4406 1540
4407 3561
4408 440
4409 233
4410 4303
4411 2225
4412 1192
4413 2248
4414 11
4415 409
4416 3977
4417 2689
4418 4059
4419 4070
4420 151
4421 2805
4422 1745
4423 4
4424 3524
4425 20
4426 3090
4427 2338
4428 2232
4429 2098
4430 2540
4431 2408
4432 93
4433 1328
4434 3850
4435 149
4436 254
4437 4120
4438 1909
4439 4066
4440 993
4441 1211
4442 1240
4443 2391
4444 3269
4445 1125
4446 306
4447 130
4448 1287
4449 2104
4450 903
4451 289
4452 3157
4453 2579
4454 760
4455 492
4456 258
4457 137
4458 2737
4459 4256
4460 0
4461 2077
4462 21
4463 2
4464 74
4465 456
4466 2176
4467 1
4468 191
4469 240
4470 2821
4471 543
4472 3963
4473 4070
4474 758
4475 941
4476 3887
4477 1445
4478 132
4479 338
4480 426
4481 831
4482 285
4483 105
4484 12
4485 2964
4486 1255
4487 2762
4488 1203
4489 157
4490 3650
4491 14
4492 2454
4493 1020
4494 1929
4495 1281
4496 1014
4497 4478
4498 2184
4499 406
4500 467
4501 1020
4502 2426
4503 105
4504 2338
4505 2766
4506 43
4507 2232
4508 1245
4509 2935
4510 542
4511 229
4512 1870
4513 70
4514 349
4515 103
4516 1918
4517 3125
4518 1636
4519 3007
4520 2493
4521 459
4522 2899
4523 756
4524 4170
4525 134
4526 854
4527 2160
4528 32
4529 93
4530 1092
4531 1677
4532 93
4533 349
4534 4347
4535 59
4536 3215
4537 135
4538 628
4539 925
4540 4102
4541 1306
4542 41
4543 429
4544 4148
4545 2740
4546 2452
4547 3609
4548 3853
4549 44
4550 2
4551 1106
4552 4199
4553 2113
4554 689
4555 1311
4556 276
4557 401
4558 75
4559 1730
4560 3672
4561 235
4562 3907
4563 2006
4564 2620
4565 1797
4566 2991
4567 1815
4568 601
4569 190
4570 292
4571 3201
4572 7
4573 985
4574 1329
4575 950
4576 2162
4577 462
4578 56
4579 122
4580 2379
4581 460
4582 4280
4583 1362
4584 276
4585 417
4586 3144
4587 143
4588 2246
4589 2585
4590 229
4591 21
4592 3371
4593 1769
4594 69
4595 522
4596 2811
4597 3875
4598 400
4599 2570
4600 634
4601 3226
4602 10
4603 98
4604 218
4605 2339
4606 1395
4607 312
4608 450
4609 1514
4610 122
4611 4037
4612 909
4613 1512
4614 720
4615 561
4616 2233
4617 52
4618 1626
4619 201
4620 4403
4621 3482
4622 0
4623 1063
4624 4248
4625 1709
4626 1074
4627 2069
4628 633
4629 4188
4630 359
4631 148
4632 4556
4633 4312
4634 767
4635 3241
4636 524
4637 3085
4638 2983
4639 4419
4640 514
4641 360
4642 4150
4643 451
4644 0
4645 657
4646 2
4647 4127
4648 998
4649 4114
4650 828
4651 1926
4652 277
4653 662
4654 1300
4655 3906
4656 232
4657 666
4658 2265
4659 3305
4660 179
4661 4080
4662 724
4663 414
4664 684
4665 662
4666 117
4667 1173
4668 3448
4669 2283
4670 2574
4671 1173
4672 399
4673 18
4674 2826
4675 1460
4676 3276
4677 1870
4678 769
4679 2
4680 2325
4681 1361
4682 524
4683 2103
4684 192
4685 802
4686 1864
4687 56
4688 2291
4689 2
4690 2551
4691 206
4692 1053
4693 1090
4694 3
4695 60
4696 2407
4697 2723
4698 1131
4699 3883
4700 2646
4701 2366
4702 1704
4703 769
4704 2631
4705 1176
4706 359
4707 49
4708 4098
4709 2074
4710 3101
4711 4092
4712 1879
4713 1443
4714 1915
4715 1827
4716 36
4717 1283
4718 4119
4719 976
4720 1075
4721 1366
4722 3408
4723 339
4724 4265
4725 1790
4726 819
4727 455
4728 239
4729 2495
4730 3406
4731 4436
4732 1273
4733 1660
4734 742
4735 3748
4736 451
4737 2
4738 490
4739 1329
4740 3005
4741 169
4742 542
4743 2214
4744 1033
4745 1366
4746 3973
4747 4706
4748 2173
4749 1999
4750 3368
4751 4665
4752 2107
4753 3335
4754 1511
4755 2176
4756 3853
4757 2712
4758 1151
4759 234
4760 96
4761 2907
4762 4308
4763 2733
4764 163
4765 1169
4766 3868
4767 3356
4768 1710
4769 4686
4770 39
4771 1527
4772 1051
4773 554
4774 3385
4775 4199
4776 1090
4777 4318
4778 2
4779 946
4780 313
4781 114
4782 1372
4783 866
4784 816
4785 2560
4786 2276
4787 306
4788 79
4789 2603
4790 2
4791 3343
4792 2737
4793 549
4794 3143
4795 1214
4796 501
4797 4616
4798 2371
4799 2931
4800 386
4801 2201
4802 3
4803 57
4804 1307
4805 2045
4806 4517
4807 1
4808 4400
4809 126
4810 93
4811 2847
4812 2113
4813 3070
4814 4592
4815 58
4816 3832
4817 4254
4818 512
4819 4481
4820 4478
4821 3095
4822 1420
4823 3104
4824 681
4825 2456
4826 2428
4827 1686
4828 2
4829 1
4830 119
4831 3943
4832 4
4833 306
4834 3865
4835 219
4836 7
4837 11
4838 100
4839 3800
4840 261
4841 996
4842 2145
4843 4277
4844 306
4845 2729
4846 4057
4847 12
4848 477
4849 32
4850 3444
4851 4298
4852 403
4853 1686
4854 647
4855 870
4856 532
4857 96
4858 244
4859 1523
4860 4052
4861 4527
4862 787
4863 4
4864 1909
4865 3046
4866 2192
4867 22
4868 2393
4869 4177
4870 1618
4871 157
4872 2107
4873 4764
4874 490
4875 21
4876 4107
4877 1667
4878 3736
4879 4444
4880 4129
4881 2405
4882 3924
4883 1063
4884 1182
4885 114
4886 1680
4887 2120
4888 0
4889 2758
4890 199
4891 57
4892 105
4893 1848
4894 566
4895 2408
4896 2864
4897 394
4898 2201
4899 8
4900 1982
4901 4827
4902 298
4903 187
4904 1889
4905 3697
4906 36
4907 965
4908 29
4909 386
4910 124
4911 57
4912 4699
4913 258
4914 874
4915 4694
4916 1300
4917 4432
4918 32
4919 75
4920 3148
4921 1668
4922 2940
4923 41
4924 871
4925 93
4926 2298
4927 3
4928 319
4929 1863
4930 1075
4931 2288
4932 1457
4933 889
4934 4254
4935 3702
4936 1445
4937 22
4938 310
4939 1133
4940 2432
4941 246
4942 3742
4943 1298
4944 3109
4945 0
4946 2040
4947 22
4948 3216
4949 3535
4950 1366
4951 31
4952 105
4953 1666
4954 630
4955 1359
4956 4445
4957 93
4958 4101
4959 3609
4960 4146
4961 1695
4962 4190
4963 1927
4964 2162
4965 3073
4966 138
4967 3115
4968 3781
4969 1311
4970 662
4971 3005
4972 346
4973 222
4974 3732
4975 3149
4976 2399
4977 400
4978 5
4979 1280
4980 697
4981 52
4982 582
4983 1130
4984 1345
4985 1768
4986 2051
4987 1576
4988 1157
4989 1818
4990 384
4991 1915
4992 1744
4993 4021
4994 134
4995 2493
4996 2732
4997 7
4998 466
4999 277
