100
0 1
0 2
0 3
0 4
1 2
1 3
1 4
2 3
2 4
3 4
5 0
6 0
7 4
8 2
9 2
10 1
11 0
12 4
13 4
14 11
15 2
16 3
17 10
18 0
19 0
20 4
21 5
22 0
23 2
24 0
25 3
26 8
27 4
28 23
29 19
30 4
31 0
32 10
33 4
34 12
35 27
36 19
37 2
38 0
39 19
40 3
41 12
42 21
43 42
44 4
45 2
46 44
47 22
48 24
49 19
50 0
51 19
52 40
53 3
54 6
55 29
56 10
57 3
58 3
59 4
60 2
61 10
62 48
63 50
64 0
65 51
66 12
67 14
68 4
69 67
70 13
71 3
72 0
73 65
74 0
75 14
76 7
77 4
78 65
79 19
80 12
81 70
82 0
83 48
84 49
85 58
86 1
87 0
88 42
89 66
90 34
91 49
92 48
93 92
94 72
95 3
96 4
97 8
98 22
99 33
