10000
0 1
0 2
0 3
0 4
1 2
1 3
1 4
2 3
2 4
3 4
5 0
6 2
7 0
8 4
9 3
10 2
11 2
12 8
13 7
14 6
15 1
16 10
17 7
18 4
19 2
20 0
21 0
22 2
23 1
24 1
25 24
26 3
27 0
28 0
29 0
30 2
31 4
32 6
33 7
34 7
35 1
36 10
37 4
38 3
39 0
40 8
41 22
42 24
43 7
44 2
45 32
46 22
47 42
48 41
49 8
50 1
51 7
52 2
53 39
54 2
55 32
56 39
57 56
58 57
59 21
60 6
61 3
62 3
63 43
64 0
65 5
66 1
67 29
68 0
69 0
70 57
71 3
72 3
73 22
74 33
75 52
76 39
77 12
78 2
79 41
80 11
81 10
82 73
83 43
84 1
85 29
86 7
87 43
88 32
89 28
90 7
91 2
92 3
93 10
94 57
95 22
96 93
97 52
98 7
99 2
100 41
101 22
102 0
103 46
104 24
105 2
106 94
107 2
108 88
109 48
110 6
111 15
112 1
113 105
114 49
115 2
116 89
117 78
118 39
119 3
120 2
121 79
122 24
123 2
124 29
125 63
126 17
127 6
128 39
129 56
130 72
131 64
132 28
133 2
134 12
135 91
136 0
137 33
138 56
139 22
140 2
141 126
142 119
143 41
144 12
145 29
146 17
147 103
148 10
149 29
150 7
151 145
152 8
153 80
154 44
155 3
156 88
157 107
158 22
159 39
160 125
161 0
162 160
163 49
164 0
165 42
166 3
167 117
168 60
169 69
170 4
171 119
172 2
173 2
174 93
175 12
176 155
177 9
178 16
179 2
180 93
181 124
182 89
183 61
184 100
185 7
186 2
187 0
188 1
189 119
190 135
191 4
192 2
193 56
194 0
195 2
196 39
197 107
198 91
199 55
200 1
201 35
202 4
203 93
204 10
205 36
206 7
207 63
208 54
209 79
210 3
211 48
212 195
213 97
214 182
215 4
216 22
217 3
218 215
219 41
220 219
221 2
222 83
223 2
224 39
225 195
226 1
227 182
228 12
229 7
230 131
231 36
232 4
233 88
234 81
235 42
236 44
237 80
238 91
239 174
240 163
241 90
242 120
243 75
244 32
245 4
246 127
247 73
248 201
249 8
250 4
251 88
252 119
253 83
254 29
255 57
256 2
257 134
258 91
259 93
260 119
261 164
262 3
263 85
264 195
265 218
266 93
267 134
268 1
269 116
270 257
271 24
272 88
273 23
274 4
275 2
276 206
277 199
278 150
279 3
280 28
281 2
282 2
283 111
284 189
285 84
286 55
287 43
288 23
289 57
290 71
291 3
292 28
293 154
294 27
295 197
296 271
297 222
298 153
299 24
300 266
301 3
302 2
303 185
304 83
305 107
306 278
307 2
308 234
309 126
310 29
311 2
312 79
313 10
314 24
315 266
316 91
317 132
318 2
319 78
320 42
321 79
322 199
323 83
324 43
325 149
326 89
327 115
328 48
329 0
330 160
331 2
332 120
333 245
334 80
335 184
336 82
337 44
338 202
339 95
340 42
341 310
342 127
343 6
344 44
345 3
346 187
347 312
348 124
349 0
350 39
351 2
352 134
353 3
354 251
355 263
356 120
357 183
358 258
359 0
360 3
361 179
362 130
363 11
364 2
365 6
366 134
367 41
368 37
369 44
370 154
371 234
372 237
373 96
374 132
375 234
376 302
377 4
378 143
379 57
380 23
381 3
382 273
383 2
384 69
385 120
386 34
387 111
388 15
389 37
390 3
391 250
392 3
393 29
394 238
395 312
396 242
397 215
398 143
399 48
400 287
401 17
402 294
403 18
404 23
405 115
406 393
407 2
408 2
409 107
410 74
411 2
412 24
413 323
414 21
415 4
416 3
417 360
418 2
419 1
420 2
421 42
422 351
423 61
424 78
425 379
426 294
427 116
428 300
429 200
430 63
431 25
432 0
433 114
434 394
435 64
436 23
437 138
438 24
439 199
440 393
441 80
442 349
443 0
444 393
445 153
446 272
447 138
448 4
449 20
450 61
451 0
452 78
453 2
454 192
455 329
456 2
457 297
458 195
459 214
460 294
461 121
462 212
463 4
464 215
465 242
466 277
467 1
468 350
469 192
470 232
471 2
472 134
473 423
474 2
475 32
476 4
477 459
478 182
479 39
480 406
481 61
482 229
483 21
484 6
485 24
486 125
487 394
488 3
489 395
490 91
491 2
492 297
493 7
494 468
495 294
496 377
497 18
498 96
499 0
500 278
501 3
502 80
503 43
504 496
505 1
506 28
507 11
508 27
509 6
510 192
511 397
512 451
513 12
514 309
515 211
516 218
517 426
518 100
519 440
520 226
521 6
522 208
523 164
524 89
525 466
526 147
527 174
528 145
529 29
530 80
531 61
532 1
533 334
534 15
535 2
536 79
537 184
538 2
539 16
540 7
541 218
542 105
543 195
544 258
545 97
546 250
547 82
548 382
549 190
550 17
551 495
552 422
553 82
554 539
555 12
556 445
557 182
558 102
559 215
560 276
561 2
562 41
563 34
564 89
565 451
566 279
567 295
568 454
569 84
570 88
571 465
572 49
573 83
574 184
575 71
576 303
577 313
578 308
579 310
580 6
581 21
582 40
583 266
584 482
585 79
586 150
587 3
588 482
589 22
590 152
591 250
592 107
593 276
594 3
595 2
596 2
597 1
598 75
599 52
600 286
601 6
602 88
603 2
604 271
605 309
606 21
607 286
608 224
609 257
610 180
611 3
612 181
613 2
614 582
615 124
616 579
617 315
618 172
619 279
620 291
621 83
622 89
623 2
624 404
625 11
626 2
627 56
628 383
629 24
630 61
631 138
632 0
633 116
634 155
635 226
636 359
637 93
638 78
639 450
640 567
641 243
642 638
643 2
644 199
645 476
646 90
647 57
648 48
649 1
650 237
651 91
652 0
653 1
654 126
655 476
656 575
657 96
658 339
659 240
660 427
661 501
662 218
663 229
664 2
665 414
666 134
667 226
668 226
669 214
670 443
671 294
672 79
673 0
674 43
675 79
676 33
677 396
678 89
679 506
680 4
681 351
682 264
683 542
684 20
685 195
686 555
687 414
688 639
689 23
690 559
691 437
692 628
693 495
694 549
695 271
696 22
697 263
698 44
699 41
700 375
701 434
702 16
703 354
704 158
705 2
706 455
707 512
708 6
709 64
710 229
711 154
712 412
713 23
714 378
715 707
716 0
717 294
718 339
719 18
720 2
721 49
722 323
723 503
724 222
725 93
726 439
727 37
728 293
729 37
730 27
731 689
732 55
733 1
734 432
735 10
736 2
737 0
738 85
739 298
740 83
741 120
742 120
743 3
744 218
745 359
746 82
747 312
748 569
749 214
750 238
751 2
752 157
753 44
754 128
755 558
756 179
757 3
758 237
759 378
760 454
761 562
762 547
763 61
764 565
765 310
766 424
767 521
768 446
769 577
770 631
771 638
772 212
773 145
774 4
775 91
776 521
777 134
778 20
779 0
780 331
781 462
782 2
783 3
784 111
785 364
786 506
787 12
788 10
789 2
790 89
791 0
792 757
793 325
794 2
795 660
796 315
797 142
798 0
799 42
800 117
801 336
802 483
803 1
804 544
805 8
806 315
807 240
808 781
809 173
810 33
811 73
812 492
813 89
814 187
815 295
816 4
817 791
818 462
819 12
820 168
821 414
822 819
823 490
824 333
825 312
826 740
827 393
828 69
829 266
830 69
831 247
832 421
833 44
834 247
835 201
836 758
837 375
838 484
839 319
840 165
841 530
842 462
843 824
844 32
845 330
846 700
847 294
848 715
849 218
850 206
851 174
852 673
853 756
854 24
855 50
856 32
857 454
858 760
859 331
860 2
861 351
862 1
863 267
864 257
865 175
866 2
867 860
868 7
869 310
870 2
871 22
872 378
873 91
874 85
875 373
876 145
877 158
878 41
879 400
880 22
881 218
882 226
883 561
884 168
885 0
886 93
887 120
888 7
889 601
890 470
891 707
892 366
893 376
894 237
895 475
896 479
897 821
898 197
899 116
900 6
901 739
902 601
903 190
904 5
905 684
906 518
907 2
908 156
909 796
910 2
911 22
912 39
913 6
914 313
915 6
916 346
917 306
918 434
919 483
920 770
921 412
922 82
923 597
924 127
925 920
926 547
927 36
928 23
929 135
930 25
931 310
932 32
933 860
934 29
935 132
936 84
937 7
938 32
939 2
940 551
941 539
942 732
943 0
944 192
945 173
946 600
947 201
948 230
949 525
950 48
951 295
952 4
953 809
954 761
955 702
956 2
957 229
958 379
959 529
960 543
961 60
962 795
963 597
964 34
965 294
966 2
967 264
968 597
969 476
970 1
971 514
972 295
973 811
974 748
975 612
976 89
977 152
978 228
979 2
980 415
981 0
982 572
983 556
984 42
985 21
986 2
987 443
988 1
989 116
990 477
991 624
992 192
993 956
994 400
995 84
996 226
997 760
998 3
999 4
1000 15
1001 15
1002 840
1003 90
1004 134
1005 661
1006 2
1007 663
1008 54
1009 810
1010 62
1011 73
1012 39
1013 47
1014 726
1015 774
1016 797
1017 727
1018 378
1019 2
1020 25
1021 29
1022 124
1023 206
1024 29
1025 815
1026 396
1027 303
1028 849
1029 279
1030 546
1031 1029
1032 969
1033 777
1034 733
1035 18
1036 141
1037 82
1038 25
1039 985
1040 567
1041 534
1042 1
1043 435
1044 693
1045 562
1046 703
1047 10
1048 542
1049 144
1050 446
1051 877
1052 828
1053 2
1054 630
1055 215
1056 0
1057 49
1058 188
1059 22
1060 892
1061 267
1062 57
1063 601
1064 871
1065 42
1066 1
1067 633
1068 49
1069 329
1070 700
1071 777
1072 115
1073 310
1074 1056
1075 811
1076 454
1077 49
1078 716
1079 145
1080 142
1081 2
1082 339
1083 173
1084 8
1085 111
1086 873
1087 40
1088 961
1089 10
1090 787
1091 869
1092 218
1093 48
1094 445
1095 342
1096 432
1097 199
1098 0
1099 818
1100 17
1101 79
1102 89
1103 512
1104 348
1105 1015
1106 412
1107 693
1108 199
1109 748
1110 604
1111 16
1112 297
1113 1
1114 0
1115 625
1116 120
1117 905
1118 238
1119 663
1120 2
1121 449
1122 1
1123 524
1124 1055
1125 285
1126 561
1127 79
1128 764
1129 475
1130 408
1131 79
1132 806
1133 240
1134 635
1135 135
1136 0
1137 261
1138 450
1139 190
1140 170
1141 1
1142 89
1143 412
1144 888
1145 215
1146 992
1147 171
1148 324
1149 0
1150 1090
1151 859
1152 222
1153 562
1154 124
1155 423
1156 292
1157 365
1158 2
1159 168
1160 58
1161 1018
1162 856
1163 1080
1164 435
1165 401
1166 3
1167 197
1168 105
1169 294
1170 3
1171 891
1172 105
1173 721
1174 1020
1175 412
1176 49
1177 89
1178 375
1179 896
1180 75
1181 102
1182 625
1183 884
1184 60
1185 40
1186 237
1187 938
1188 396
1189 1
1190 1178
1191 2
1192 455
1193 79
1194 29
1195 9
1196 60
1197 294
1198 1102
1199 2
1200 3
1201 132
1202 89
1203 315
1204 294
1205 206
1206 1029
1207 436
1208 94
1209 276
1210 197
1211 1094
1212 365
1213 844
1214 769
1215 782
1216 429
1217 918
1218 120
1219 1075
1220 85
1221 1085
1222 631
1223 15
1224 741
1225 277
1226 34
1227 1
1228 2
1229 257
1230 911
1231 18
1232 0
1233 49
1234 825
1235 788
1236 758
1237 538
1238 105
1239 761
1240 1053
1241 877
1242 74
1243 309
1244 1
1245 3
1246 1
1247 155
1248 638
1249 212
1250 37
1251 105
1252 39
1253 702
1254 18
1255 2
1256 345
1257 158
1258 817
1259 27
1260 1019
1261 17
1262 1
1263 38
1264 844
1265 79
1266 412
1267 147
1268 371
1269 559
1270 960
1271 1100
1272 1133
1273 7
1274 24
1275 397
1276 817
1277 1022
1278 3
1279 972
1280 864
1281 195
1282 390
1283 576
1284 263
1285 93
1286 1156
1287 1240
1288 693
1289 454
1290 89
1291 18
1292 44
1293 462
1294 307
1295 160
1296 64
1297 295
1298 624
1299 1165
1300 582
1301 1255
1302 73
1303 342
1304 73
1305 1053
1306 306
1307 134
1308 379
1309 427
1310 145
1311 155
1312 33
1313 105
1314 59
1315 1117
1316 727
1317 857
1318 558
1319 624
1320 90
1321 781
1322 2
1323 697
1324 976
1325 152
1326 2
1327 310
1328 1
1329 931
1330 507
1331 393
1332 482
1333 432
1334 809
1335 547
1336 650
1337 777
1338 1008
1339 29
1340 240
1341 827
1342 1
1343 261
1344 2
1345 345
1346 91
1347 3
1348 80
1349 1300
1350 346
1351 511
1352 3
1353 184
1354 1236
1355 1002
1356 152
1357 79
1358 107
1359 2
1360 1340
1361 37
1362 3
1363 61
1364 119
1365 843
1366 572
1367 4
1368 89
1369 22
1370 61
1371 434
1372 39
1373 547
1374 8
1375 285
1376 793
1377 147
1378 2
1379 101
1380 666
1381 1050
1382 443
1383 1039
1384 3
1385 871
1386 1384
1387 558
1388 532
1389 487
1390 484
1391 46
1392 1334
1393 74
1394 2
1395 79
1396 86
1397 229
1398 877
1399 93
1400 1130
1401 199
1402 748
1403 56
1404 2
1405 511
1406 174
1407 183
1408 627
1409 1342
1410 69
1411 1128
1412 167
1413 1286
1414 625
1415 52
1416 105
1417 177
1418 401
1419 114
1420 64
1421 7
1422 8
1423 720
1424 1013
1425 639
1426 955
1427 0
1428 342
1429 521
1430 1251
1431 115
1432 524
1433 799
1434 1090
1435 1192
1436 989
1437 527
1438 126
1439 878
1440 28
1441 427
1442 692
1443 222
1444 1424
1445 7
1446 240
1447 1
1448 691
1449 89
1450 39
1451 75
1452 46
1453 1077
1454 844
1455 2
1456 337
1457 2
1458 1346
1459 4
1460 462
1461 1353
1462 478
1463 1126
1464 240
1465 235
1466 247
1467 634
1468 994
1469 1314
1470 111
1471 0
1472 557
1473 2
1474 633
1475 261
1476 1345
1477 539
1478 56
1479 250
1480 168
1481 568
1482 968
1483 0
1484 8
1485 228
1486 105
1487 143
1488 1010
1489 1081
1490 135
1491 54
1492 474
1493 323
1494 1479
1495 278
1496 199
1497 261
1498 218
1499 501
1500 1151
1501 168
1502 229
1503 1358
1504 393
1505 261
1506 553
1507 903
1508 4
1509 29
1510 61
1511 4
1512 145
1513 331
1514 593
1515 164
1516 4
1517 563
1518 26
1519 114
1520 1029
1521 293
1522 1504
1523 74
1524 10
1525 411
1526 96
1527 0
1528 501
1529 900
1530 10
1531 1438
1532 206
1533 1253
1534 414
1535 75
1536 134
1537 346
1538 142
1539 261
1540 892
1541 1086
1542 229
1543 278
1544 809
1545 828
1546 6
1547 4
1548 871
1549 1103
1550 625
1551 199
1552 345
1553 7
1554 263
1555 49
1556 182
1557 1300
1558 79
1559 143
1560 32
1561 180
1562 46
1563 107
1564 61
1565 42
1566 172
1567 3
1568 393
1569 1456
1570 1022
1571 305
1572 1311
1573 44
1574 358
1575 342
1576 769
1577 89
1578 1383
1579 115
1580 134
1581 1063
1582 1056
1583 624
1584 999
1585 0
1586 97
1587 124
1588 1441
1589 1167
1590 421
1591 795
1592 93
1593 1350
1594 379
1595 7
1596 1083
1597 4
1598 120
1599 229
1600 655
1601 419
1602 294
1603 28
1604 1523
1605 4
1606 0
1607 1345
1608 266
1609 910
1610 51
1611 8
1612 281
1613 741
1614 440
1615 1090
1616 1126
1617 111
1618 397
1619 1226
1620 32
1621 1525
1622 460
1623 79
1624 3
1625 63
1626 59
1627 56
1628 60
1629 1490
1630 561
1631 882
1632 132
1633 757
1634 1008
1635 1385
1636 1410
1637 1162
1638 100
1639 10
1640 3
1641 1343
1642 32
1643 1313
1644 206
1645 1504
1646 231
1647 175
1648 774
1649 1303
1650 230
1651 299
1652 756
1653 109
1654 379
1655 451
1656 1063
1657 1044
1658 918
1659 390
1660 1131
1661 511
1662 120
1663 197
1664 2
1665 1382
1666 970
1667 221
1668 124
1669 74
1670 171
1671 2
1672 1303
1673 93
1674 265
1675 32
1676 1288
1677 612
1678 1029
1679 61
1680 332
1681 976
1682 306
1683 681
1684 1085
1685 46
1686 171
1687 1562
1688 846
1689 61
1690 1260
1691 2
1692 932
1693 2
1694 24
1695 5
1696 509
1697 542
1698 473
1699 79
1700 4
1701 148
1702 3
1703 279
1704 25
1705 96
1706 1141
1707 433
1708 115
1709 1667
1710 1434
1711 22
1712 127
1713 853
1714 375
1715 138
1716 197
1717 461
1718 1125
1719 450
1720 3
1721 1177
1722 518
1723 10
1724 438
1725 1542
1726 896
1727 379
1728 342
1729 1456
1730 510
1731 224
1732 1352
1733 757
1734 22
1735 437
1736 17
1737 126
1738 507
1739 1084
1740 229
1741 1285
1742 965
1743 370
1744 218
1745 331
1746 582
1747 240
1748 695
1749 532
1750 400
1751 1225
1752 56
1753 0
1754 15
1755 2
1756 82
1757 105
1758 289
1759 873
1760 333
1761 26
1762 508
1763 1294
1764 1138
1765 80
1766 1503
1767 168
1768 32
1769 638
1770 0
1771 1614
1772 499
1773 258
1774 0
1775 91
1776 1386
1777 611
1778 38
1779 1
1780 496
1781 1492
1782 757
1783 84
1784 286
1785 1663
1786 9
1787 277
1788 446
1789 195
1790 187
1791 694
1792 104
1793 141
1794 496
1795 1445
1796 400
1797 188
1798 811
1799 375
1800 595
1801 295
1802 1526
1803 22
1804 791
1805 36
1806 100
1807 18
1808 11
1809 850
1810 1234
1811 426
1812 364
1813 769
1814 306
1815 740
1816 10
1817 1251
1818 237
1819 1395
1820 476
1821 1683
1822 277
1823 955
1824 721
1825 247
1826 1203
1827 1326
1828 3
1829 1008
1830 231
1831 93
1832 1226
1833 1118
1834 127
1835 562
1836 50
1837 24
1838 1049
1839 303
1840 134
1841 48
1842 530
1843 96
1844 182
1845 89
1846 791
1847 888
1848 819
1849 760
1850 3
1851 195
1852 1675
1853 184
1854 169
1855 44
1856 240
1857 132
1858 1713
1859 93
1860 118
1861 721
1862 1055
1863 620
1864 126
1865 935
1866 206
1867 942
1868 1
1869 903
1870 741
1871 25
1872 961
1873 262
1874 499
1875 1390
1876 639
1877 446
1878 2
1879 838
1880 558
1881 222
1882 600
1883 1086
1884 1
1885 0
1886 547
1887 1046
1888 141
1889 1177
1890 1311
1891 982
1892 157
1893 534
1894 298
1895 12
1896 278
1897 10
1898 837
1899 44
1900 892
1901 844
1902 1026
1903 1491
1904 1078
1905 601
1906 124
1907 20
1908 126
1909 1018
1910 1823
1911 443
1912 84
1913 1219
1914 715
1915 226
1916 436
1917 1911
1918 261
1919 1720
1920 89
1921 758
1922 624
1923 38
1924 1661
1925 395
1926 788
1927 2
1928 819
1929 1052
1930 12
1931 810
1932 78
1933 96
1934 1026
1935 1913
1936 1085
1937 1535
1938 563
1939 1532
1940 1456
1941 737
1942 1001
1943 1029
1944 41
1945 1095
1946 41
1947 307
1948 737
1949 996
1950 1336
1951 1523
1952 3
1953 294
1954 711
1955 454
1956 393
1957 1120
1958 643
1959 216
1960 658
1961 246
1962 1086
1963 7
1964 10
1965 1953
1966 2
1967 297
1968 18
1969 327
1970 363
1971 134
1972 396
1973 91
1974 126
1975 807
1976 1564
1977 1518
1978 393
1979 323
1980 96
1981 1842
1982 1072
1983 226
1984 1028
1985 721
1986 761
1987 1578
1988 914
1989 102
1990 20
1991 549
1992 1013
1993 631
1994 1
1995 509
1996 412
1997 1883
1998 1570
1999 980
2000 115
2001 17
2002 134
2003 427
2004 737
2005 2
2006 294
2007 23
2008 2000
2009 1084
2010 2
2011 0
2012 918
2013 1842
2014 999
2015 1117
2016 37
2017 917
2018 757
2019 877
2020 1924
2021 4
2022 1661
2023 1493
2024 795
2025 1592
2026 664
2027 42
2028 1632
2029 663
2030 132
2031 58
2032 791
2033 1406
2034 903
2035 1493
2036 402
2037 1968
2038 878
2039 1018
2040 3
2041 1350
2042 1121
2043 1940
2044 1420
2045 197
2046 24
2047 83
2048 169
2049 1842
2050 1449
2051 120
2052 89
2053 1532
2054 378
2055 84
2056 1774
2057 1151
2058 303
2059 283
2060 634
2061 816
2062 1829
2063 1102
2064 1102
2065 303
2066 624
2067 1985
2068 812
2069 218
2070 379
2071 811
2072 1000
2073 490
2074 918
2075 141
2076 18
2077 4
2078 38
2079 423
2080 64
2081 864
2082 1522
2083 138
2084 1385
2085 811
2086 1752
2087 17
2088 126
2089 508
2090 1020
2091 1028
2092 22
2093 285
2094 476
2095 1936
2096 16
2097 427
2098 11
2099 559
2100 218
2101 1307
2102 1420
2103 1126
2104 665
2105 3
2106 74
2107 2068
2108 379
2109 868
2110 1085
2111 1710
2112 1493
2113 1771
2114 484
2115 478
2116 1102
2117 1203
2118 305
2119 1158
2120 152
2121 277
2122 2
2123 1429
2124 1209
2125 397
2126 98
2127 7
2128 142
2129 828
2130 1245
2131 222
2132 131
2133 493
2134 1192
2135 673
2136 255
2137 1028
2138 1998
2139 338
2140 152
2141 1686
2142 757
2143 791
2144 256
2145 1369
2146 1470
2147 1420
2148 382
2149 7
2150 856
2151 2075
2152 1018
2153 530
2154 74
2155 698
2156 118
2157 1593
2158 177
2159 2113
2160 1445
2161 344
2162 222
2163 337
2164 931
2165 1878
2166 1770
2167 163
2168 1256
2169 595
2170 1968
2171 1829
2172 892
2173 2
2174 144
2175 180
2176 1360
2177 138
2178 177
2179 266
2180 1826
2181 1456
2182 124
2183 223
2184 111
2185 2017
2186 126
2187 1910
2188 1457
2189 20
2190 739
2191 108
2192 302
2193 80
2194 1354
2195 1768
2196 206
2197 3
2198 1238
2199 1125
2200 693
2201 661
2202 294
2203 23
2204 4
2205 1314
2206 2
2207 222
2208 206
2209 42
2210 604
2211 229
2212 1204
2213 794
2214 750
2215 1901
2216 966
2217 1102
2218 757
2219 6
2220 192
2221 1
2222 1320
2223 2211
2224 756
2225 205
2226 495
2227 39
2228 583
2229 79
2230 674
2231 307
2232 572
2233 1020
2234 1152
2235 1103
2236 844
2237 29
2238 2048
2239 1181
2240 3
2241 112
2242 551
2243 38
2244 2127
2245 461
2246 1375
2247 840
2248 1343
2249 842
2250 1574
2251 185
2252 2243
2253 1654
2254 253
2255 52
2256 22
2257 2093
2258 2164
2259 777
2260 24
2261 4
2262 240
2263 351
2264 415
2265 1212
2266 1457
2267 809
2268 1750
2269 731
2270 1873
2271 91
2272 115
2273 75
2274 434
2275 229
2276 101
2277 1577
2278 1391
2279 1667
2280 355
2281 443
2282 2055
2283 3
2284 1415
2285 204
2286 615
2287 107
2288 1020
2289 192
2290 69
2291 1744
2292 505
2293 1624
2294 1910
2295 791
2296 56
2297 450
2298 1063
2299 1528
2300 2218
2301 2145
2302 605
2303 12
2304 3
2305 772
2306 1715
2307 811
2308 839
2309 783
2310 184
2311 1433
2312 341
2313 1801
2314 29
2315 2169
2316 3
2317 401
2318 270
2319 294
2320 0
2321 229
2322 97
2323 1417
2324 554
2325 4
2326 1842
2327 364
2328 758
2329 454
2330 1151
2331 759
2332 798
2333 851
2334 89
2335 319
2336 1402
2337 1918
2338 756
2339 1532
2340 1489
2341 2106
2342 1386
2343 89
2344 924
2345 622
2346 1667
2347 1592
2348 1245
2349 1110
2350 894
2351 370
2352 1819
2353 2271
2354 675
2355 145
2356 845
2357 1085
2358 970
2359 2132
2360 758
2361 173
2362 620
2363 93
2364 1819
2365 71
2366 49
2367 1230
2368 1121
2369 749
2370 914
2371 2354
2372 2371
2373 847
2374 631
2375 662
2376 3
2377 1648
2378 1900
2379 739
2380 153
2381 0
2382 2077
2383 1589
2384 21
2385 39
2386 1746
2387 344
2388 1386
2389 4
2390 253
2391 1
2392 7
2393 320
2394 0
2395 121
2396 795
2397 1338
2398 296
2399 459
2400 28
2401 1641
2402 375
2403 240
2404 2100
2405 854
2406 774
2407 1836
2408 821
2409 129
2410 245
2411 126
2412 944
2413 1029
2414 1039
2415 1392
2416 605
2417 634
2418 79
2419 427
2420 538
2421 2347
2422 1909
2423 2
2424 7
2425 17
2426 368
2427 240
2428 2111
2429 1681
2430 803
2431 596
2432 379
2433 2061
2434 669
2435 27
2436 1812
2437 426
2438 1383
2439 2417
2440 124
2441 2
2442 529
2443 30
2444 303
2445 281
2446 2179
2447 1
2448 2173
2449 1492
2450 1475
2451 1474
2452 1384
2453 918
2454 2
2455 3
2456 761
2457 1189
2458 42
2459 200
2460 1318
2461 266
2462 294
2463 639
2464 2051
2465 2199
2466 2111
2467 1836
2468 808
2469 2179
2470 1176
2471 229
2472 2426
2473 445
2474 2187
2475 901
2476 601
2477 70
2478 1307
2479 3
2480 259
2481 631
2482 117
2483 1
2484 60
2485 732
2486 225
2487 1799
2488 757
2489 298
2490 0
2491 29
2492 203
2493 758
2494 0
2495 1457
2496 7
2497 2106
2498 1622
2499 105
2500 367
2501 499
2502 1496
2503 1915
2504 2101
2505 741
2506 1035
2507 152
2508 938
2509 1033
2510 1283
2511 2282
2512 817
2513 49
2514 298
2515 1858
2516 1520
2517 1384
2518 2232
2519 1640
2520 25
2521 32
2522 2
2523 2240
2524 487
2525 98
2526 1026
2527 93
2528 278
2529 1459
2530 1062
2531 2302
2532 58
2533 1020
2534 80
2535 450
2536 8
2537 395
2538 1450
2539 1491
2540 1763
2541 1215
2542 423
2543 634
2544 1042
2545 11
2546 206
2547 84
2548 132
2549 988
2550 2
2551 2443
2552 282
2553 2455
2554 727
2555 3
2556 833
2557 437
2558 49
2559 403
2560 57
2561 230
2562 119
2563 3
2564 180
2565 905
2566 1884
2567 285
2568 869
2569 2187
2570 1390
2571 2
2572 1596
2573 1033
2574 10
2575 24
2576 726
2577 918
2578 484
2579 1
2580 1133
2581 2471
2582 451
2583 8
2584 297
2585 1745
2586 25
2587 2114
2588 884
2589 1310
2590 89
2591 979
2592 2
2593 199
2594 816
2595 983
2596 1031
2597 1829
2598 788
2599 1075
2600 846
2601 2392
2602 276
2603 3
2604 1117
2605 105
2606 1636
2607 1866
2608 147
2609 2029
2610 628
2611 827
2612 1524
2613 1
2614 1401
2615 558
2616 219
2617 475
2618 1092
2619 17
2620 2232
2621 2
2622 118
2623 1478
2624 773
2625 277
2626 0
2627 2180
2628 1303
2629 195
2630 1555
2631 3
2632 114
2633 154
2634 795
2635 2
2636 49
2637 771
2638 384
2639 549
2640 1897
2641 2
2642 443
2643 61
2644 1443
2645 339
2646 379
2647 64
2648 338
2649 653
2650 261
2651 371
2652 811
2653 1294
2654 557
2655 365
2656 113
2657 2634
2658 61
2659 345
2660 547
2661 115
2662 1821
2663 2143
2664 1313
2665 495
2666 1323
2667 218
2668 622
2669 83
2670 589
2671 279
2672 466
2673 2
2674 542
2675 237
2676 294
2677 1
2678 811
2679 1915
2680 1572
2681 1042
2682 809
2683 1208
2684 2561
2685 611
2686 2312
2687 1275
2688 1126
2689 1462
2690 2201
2691 817
2692 418
2693 393
2694 1700
2695 96
2696 207
2697 8
2698 396
2699 294
2700 510
2701 7
2702 559
2703 675
2704 10
2705 1668
2706 49
2707 1144
2708 1815
2709 475
2710 126
2711 1987
2712 1570
2713 294
2714 10
2715 4
2716 134
2717 726
2718 463
2719 903
2720 679
2721 2290
2722 487
2723 120
2724 857
2725 2251
2726 795
2727 987
2728 105
2729 1075
2730 554
2731 1768
2732 261
2733 892
2734 762
2735 1240
2736 2545
2737 44
2738 230
2739 2
2740 0
2741 434
2742 49
2743 89
2744 1051
2745 1
2746 2258
2747 1587
2748 2066
2749 365
2750 681
2751 888
2752 452
2753 1746
2754 79
2755 160
2756 795
2757 301
2758 1361
2759 538
2760 1587
2761 612
2762 3
2763 756
2764 2374
2765 561
2766 1121
2767 124
2768 184
2769 1654
2770 2754
2771 467
2772 134
2773 96
2774 1970
2775 601
2776 1179
2777 1
2778 294
2779 79
2780 2735
2781 2774
2782 761
2783 2015
2784 8
2785 826
2786 2092
2787 1314
2788 469
2789 978
2790 1414
2791 1310
2792 231
2793 2102
2794 1067
2795 528
2796 1177
2797 2127
2798 840
2799 46
2800 79
2801 317
2802 1094
2803 2335
2804 342
2805 548
2806 1157
2807 1
2808 116
2809 828
2810 2310
2811 1852
2812 139
2813 1731
2814 1101
2815 192
2816 134
2817 174
2818 809
2819 1588
2820 1920
2821 2
2822 1683
2823 2639
2824 55
2825 0
2826 2107
2827 1273
2828 400
2829 467
2830 1700
2831 22
2832 2443
2833 370
2834 2034
2835 1910
2836 1731
2837 116
2838 1178
2839 1752
2840 1159
2841 1553
2842 720
2843 450
2844 1516
2845 733
2846 1540
2847 250
2848 1034
2849 2224
2850 634
2851 1829
2852 2541
2853 503
2854 2173
2855 920
2856 1405
2857 2618
2858 1700
2859 753
2860 788
2861 2
2862 1118
2863 538
2864 1910
2865 218
2866 978
2867 944
2868 574
2869 2508
2870 1500
2871 451
2872 400
2873 1177
2874 147
2875 1734
2876 106
2877 315
2878 849
2879 37
2880 0
2881 346
2882 185
2883 349
2884 621
2885 2340
2886 1751
2887 562
2888 450
2889 1523
2890 1094
2891 400
2892 3
2893 74
2894 111
2895 42
2896 48
2897 512
2898 4
2899 1724
2900 1908
2901 732
2902 828
2903 38
2904 1983
2905 111
2906 787
2907 2677
2908 2018
2909 2190
2910 814
2911 810
2912 195
2913 547
2914 1567
2915 7
2916 1064
2917 3
2918 3
2919 93
2920 1296
2921 128
2922 2690
2923 2113
2924 532
2925 870
2926 364
2927 1915
2928 123
2929 4
2930 1750
2931 80
2932 2191
2933 79
2934 807
2935 2236
2936 667
2937 191
2938 4
2939 34
2940 473
2941 29
2942 2673
2943 2942
2944 103
2945 2099
2946 5
2947 1868
2948 56
2949 2048
2950 2930
2951 3
2952 0
2953 134
2954 1144
2955 1415
2956 1390
2957 511
2958 1622
2959 1829
2960 490
2961 331
2962 764
2963 1285
2964 53
2965 1053
2966 2436
2967 195
2968 1950
2969 964
2970 1999
2971 911
2972 93
2973 591
2974 2180
2975 1273
2976 1421
2977 106
2978 1262
2979 793
2980 366
2981 1189
2982 1672
2983 2634
2984 2468
2985 618
2986 1632
2987 1901
2988 424
2989 406
2990 1921
2991 0
2992 46
2993 303
2994 299
2995 306
2996 1377
2997 2407
2998 1429
2999 758
3000 405
3001 1984
3002 7
3003 1793
3004 2912
3005 1456
3006 7
3007 226
3008 1375
3009 2960
3010 126
3011 402
3012 4
3013 174
3014 116
3015 586
3016 2659
3017 854
3018 1453
3019 142
3020 972
3021 511
3022 1690
3023 8
3024 1915
3025 2896
3026 917
3027 426
3028 12
3029 888
3030 1323
3031 773
3032 1478
3033 918
3034 346
3035 472
3036 79
3037 10
3038 102
3039 260
3040 15
3041 1343
3042 1549
3043 1283
3044 1144
3045 2137
3046 1
3047 1814
3048 1335
3049 2978
3050 89
3051 93
3052 2344
3053 2867
3054 1008
3055 192
3056 2311
3057 103
3058 2127
3059 109
3060 638
3061 572
3062 447
3063 2046
3064 495
3065 218
3066 622
3067 134
3068 1018
3069 124
3070 1090
3071 1954
3072 2394
3073 892
3074 593
3075 2074
3076 2557
3077 2
3078 1353
3079 2028
3080 1445
3081 183
3082 49
3083 2
3084 619
3085 2278
3086 4
3087 662
3088 2177
3089 1624
3090 8
3091 294
3092 661
3093 2310
3094 120
3095 1326
3096 24
3097 344
3098 786
3099 93
3100 1307
3101 32
3102 720
3103 917
3104 22
3105 2256
3106 2635
3107 769
3108 400
3109 2087
3110 436
3111 28
3112 1313
3113 1245
3114 2036
3115 310
3116 2786
3117 319
3118 1763
3119 249
3120 155
3121 257
3122 624
3123 542
3124 230
3125 935
3126 187
3127 2407
3128 592
3129 3
3130 2399
3131 475
3132 306
3133 147
3134 1829
3135 2754
3136 1672
3137 1745
3138 3097
3139 595
3140 2547
3141 1177
3142 89
3143 2152
3144 152
3145 514
3146 1696
3147 1586
3148 1053
3149 3065
3150 0
3151 2820
3152 1055
3153 666
3154 579
3155 406
3156 1133
3157 1117
3158 561
3159 1
3160 29
3161 1125
3162 185
3163 37
3164 3
3165 468
3166 115
3167 2
3168 2443
3169 218
3170 1836
3171 1015
3172 2
3173 174
3174 2232
3175 2276
3176 29
3177 1570
3178 1592
3179 4
3180 21
3181 2560
3182 2721
3183 371
3184 761
3185 1759
3186 1879
3187 58
3188 1546
3189 891
3190 578
3191 174
3192 2121
3193 25
3194 911
3195 1829
3196 2196
3197 2270
3198 237
3199 963
3200 1284
3201 412
3202 1212
3203 3016
3204 1667
3205 2586
3206 3084
3207 1418
3208 2
3209 1098
3210 2153
3211 364
3212 1719
3213 822
3214 575
3215 1
3216 999
3217 971
3218 795
3219 2676
3220 357
3221 240
3222 1710
3223 454
3224 340
3225 954
3226 3167
3227 2616
3228 147
3229 212
3230 292
3231 2387
3232 44
3233 2556
3234 174
3235 2516
3236 973
3237 189
3238 2904
3239 634
3240 1824
3241 1
3242 605
3243 1624
3244 312
3245 1445
3246 103
3247 83
3248 631
3249 115
3250 2761
3251 3241
3252 2116
3253 84
3254 1090
3255 2805
3256 532
3257 2385
3258 37
3259 237
3260 226
3261 1459
3262 379
3263 3246
3264 828
3265 1283
3266 1009
3267 1579
3268 1061
3269 280
3270 2548
3271 3252
3272 10
3273 2388
3274 119
3275 771
3276 84
3277 1359
3278 1418
3279 1345
3280 2156
3281 2530
3282 1345
3283 2450
3284 3064
3285 2814
3286 2
3287 3
3288 2446
3289 2399
3290 1520
3291 1855
3292 1039
3293 1033
3294 218
3295 1361
3296 3164
3297 192
3298 2237
3299 3056
3300 512
3301 816
3302 1690
3303 2133
3304 2211
3305 2560
3306 2
3307 43
3308 56
3309 32
3310 33
3311 3139
3312 479
3313 1842
3314 913
3315 69
3316 94
3317 1710
3318 2451
3319 871
3320 996
3321 231
3322 1998
3323 492
3324 199
3325 2106
3326 1520
3327 69
3328 1947
3329 309
3330 1019
3331 487
3332 79
3333 1640
3334 79
3335 3305
3336 2376
3337 1988
3338 83
3339 187
3340 1300
3341 44
3342 999
3343 352
3344 2617
3345 2249
3346 1804
3347 1245
3348 364
3349 22
3350 1634
3351 2177
3352 356
3353 1745
3354 1851
3355 454
3356 3112
3357 1423
3358 2
3359 811
3360 44
3361 327
3362 969
3363 2252
3364 843
3365 89
3366 1522
3367 435
3368 2
3369 42
3370 7
3371 1255
3372 1031
3373 98
3374 2100
3375 914
3376 29
3377 3
3378 1650
3379 142
3380 2512
3381 3314
3382 2813
3383 2
3384 32
3385 1958
3386 154
3387 4
3388 2793
3389 2232
3390 838
3391 401
3392 365
3393 1423
3394 2451
3395 294
3396 1421
3397 979
3398 1039
3399 384
3400 346
3401 548
3402 914
3403 98
3404 495
3405 82
3406 611
3407 3
3408 2269
3409 222
3410 72
3411 2
3412 1872
3413 2128
3414 1490
3415 3241
3416 2236
3417 2352
3418 39
3419 3114
3420 2187
3421 468
3422 11
3423 1
3424 1711
3425 1284
3426 2518
3427 3266
3428 344
3429 2733
3430 2436
3431 2
3432 1392
3433 2
3434 1156
3435 1
3436 24
3437 426
3438 2290
3439 3
3440 2668
3441 142
3442 6
3443 411
3444 728
3445 229
3446 2706
3447 3
3448 611
3449 279
3450 1311
3451 1861
3452 2738
3453 2310
3454 907
3455 760
3456 1283
3457 562
3458 127
3459 130
3460 2041
3461 1719
3462 481
3463 120
3464 3286
3465 328
3466 1189
3467 491
3468 126
3469 761
3470 53
3471 298
3472 82
3473 1065
3474 1881
3475 1018
3476 2
3477 1119
3478 336
3479 402
3480 2983
3481 491
3482 148
3483 159
3484 3232
3485 7
3486 451
3487 365
3488 579
3489 64
3490 2160
3491 711
3492 2173
3493 2512
3494 1991
3495 195
3496 412
3497 702
3498 81
3499 1525
3500 1955
3501 1279
3502 279
3503 240
3504 965
3505 2616
3506 1866
3507 121
3508 1
3509 331
3510 669
3511 1235
3512 446
3513 263
3514 1492
3515 506
3516 379
3517 594
3518 3103
3519 2634
3520 961
3521 2393
3522 2432
3523 465
3524 1751
3525 1326
3526 511
3527 195
3528 2183
3529 1085
3530 96
3531 638
3532 378
3533 275
3534 3508
3535 4
3536 3044
3537 1285
3538 2762
3539 1
3540 911
3541 759
3542 1049
3543 143
3544 2113
3545 3
3546 3407
3547 460
3548 2447
3549 1173
3550 441
3551 2
3552 542
3553 547
3554 2357
3555 1999
3556 475
3557 1687
3558 661
3559 2936
3560 527
3561 1592
3562 2395
3563 518
3564 3
3565 577
3566 2099
3567 658
3568 365
3569 79
3570 379
3571 2805
3572 52
3573 630
3574 1798
3575 184
3576 251
3577 1595
3578 926
3579 733
3580 2593
3581 1672
3582 842
3583 601
3584 847
3585 1587
3586 901
3587 1103
3588 89
3589 105
3590 2617
3591 1465
3592 211
3593 1829
3594 1151
3595 573
3596 1008
3597 345
3598 2706
3599 2350
3600 1690
3601 2131
3602 761
3603 2568
3604 0
3605 3543
3606 2128
3607 482
3608 3291
3609 2
3610 2585
3611 26
3612 313
3613 240
3614 0
3615 229
3616 375
3617 524
3618 3194
3619 2951
3620 3585
3621 1159
3622 562
3623 796
3624 871
3625 987
3626 88
3627 918
3628 3430
3629 1893
3630 475
3631 277
3632 4
3633 1628
3634 3403
3635 20
3636 2592
3637 521
3638 462
3639 3580
3640 3625
3641 3026
3642 2762
3643 2903
3644 1313
3645 199
3646 495
3647 772
3648 643
3649 114
3650 758
3651 4
3652 389
3653 2269
3654 1172
3655 22
3656 351
3657 2575
3658 1300
3659 2834
3660 10
3661 2231
3662 22
3663 1098
3664 807
3665 3222
3666 2473
3667 3205
3668 2630
3669 139
3670 2832
3671 55
3672 1213
3673 1
3674 2053
3675 1378
3676 1999
3677 3315
3678 2314
3679 1289
3680 477
3681 1335
3682 1555
3683 666
3684 53
3685 84
3686 1690
3687 2589
3688 2933
3689 375
3690 145
3691 2744
3692 6
3693 2
3694 1578
3695 2
3696 1
3697 1195
3698 281
3699 3070
3700 2124
3701 811
3702 1029
3703 733
3704 3063
3705 3260
3706 3114
3707 102
3708 154
3709 89
3710 333
3711 2804
3712 2018
3713 42
3714 673
3715 1359
3716 3005
3717 515
3718 2372
3719 2035
3720 827
3721 936
3722 1128
3723 3336
3724 1844
3725 643
3726 842
3727 2170
3728 2470
3729 850
3730 2697
3731 1668
3732 2688
3733 1406
3734 294
3735 292
3736 222
3737 134
3738 41
3739 1482
3740 3
3741 3733
3742 1690
3743 98
3744 119
3745 7
3746 3343
3747 413
3748 1818
3749 1300
3750 2391
3751 758
3752 375
3753 2798
3754 1020
3755 2296
3756 353
3757 334
3758 2022
3759 757
3760 0
3761 842
3762 501
3763 2
3764 3253
3765 826
3766 2896
3767 1445
3768 2734
3769 131
3770 405
3771 199
3772 2435
3773 3
3774 896
3775 0
3776 465
3777 1940
3778 1667
3779 910
3780 22
3781 418
3782 394
3783 294
3784 1908
3785 2214
3786 240
3787 119
3788 1820
3789 727
3790 562
3791 722
3792 2232
3793 293
3794 3142
3795 3361
3796 432
3797 287
3798 2821
3799 55
3800 4
3801 240
3802 2816
3803 465
3804 1331
3805 240
3806 39
3807 1294
3808 3383
3809 246
3810 382
3811 79
3812 96
3813 1103
3814 2359
3815 169
3816 3708
3817 878
3818 114
3819 32
3820 195
3821 3774
3822 126
3823 2107
3824 371
3825 971
3826 2820
3827 1163
3828 3343
3829 1700
3830 1146
3831 22
3832 121
3833 1392
3834 306
3835 1076
3836 2
3837 3801
3838 1638
3839 2064
3840 1774
3841 2152
3842 3217
3843 871
3844 1235
3845 1250
3846 638
3847 2935
3848 954
3849 138
3850 3815
3851 1660
3852 2422
3853 1164
3854 1637
3855 3
3856 2906
3857 1883
3858 2915
3859 84
3860 63
3861 1915
3862 3
3863 811
3864 1445
3865 561
3866 762
3867 869
3868 294
3869 4
3870 4
3871 3535
3872 393
3873 132
3874 2213
3875 2925
3876 842
3877 111
3878 107
3879 1190
3880 1567
3881 3766
3882 1958
3883 73
3884 2635
3885 29
3886 33
3887 1711
3888 1999
3889 333
3890 2986
3891 91
3892 2778
3893 2766
3894 153
3895 2945
3896 2180
3897 1507
3898 851
3899 2
3900 1
3901 1433
3902 0
3903 639
3904 1592
3905 821
3906 702
3907 2690
3908 1196
3909 979
3910 2737
3911 155
3912 2614
3913 2815
3914 1362
3915 3604
3916 294
3917 3893
3918 1450
3919 1342
3920 93
3921 1549
3922 36
3923 118
3924 1176
3925 3517
3926 1926
3927 1353
3928 2
3929 294
3930 2377
3931 180
3932 883
3933 240
3934 3809
3935 3152
3936 851
3937 513
3938 2288
3939 3
3940 7
3941 71
3942 3678
3943 669
3944 961
3945 1855
3946 138
3947 2068
3948 1494
3949 7
3950 7
3951 795
3952 1062
3953 3656
3954 2
3955 3658
3956 218
3957 313
3958 3787
3959 1130
3960 3272
3961 129
3962 9
3963 126
3964 638
3965 3761
3966 258
3967 3141
3968 1659
3969 1421
3970 3406
3971 401
3972 2186
3973 2
3974 3108
3975 770
3976 87
3977 358
3978 474
3979 111
3980 3088
3981 926
3982 36
3983 1157
3984 117
3985 793
3986 859
3987 722
3988 728
3989 1102
3990 259
3991 378
3992 3206
3993 49
3994 375
3995 287
3996 20
3997 130
3998 2934
3999 1039
4000 7
4001 2430
4002 434
4003 1739
4004 3175
4005 1350
4006 1994
4007 145
4008 331
4009 638
4010 115
4011 148
4012 1482
4013 3063
4014 96
4015 2733
4016 1038
4017 82
4018 825
4019 1526
4020 116
4021 2363
4022 1119
4023 75
4024 1055
4025 2129
4026 2274
4027 3567
4028 403
4029 1915
4030 1521
4031 1177
4032 1521
4033 733
4034 1836
4035 171
4036 429
4037 1300
4038 424
4039 258
4040 854
4041 1474
4042 10
4043 3016
4044 3156
4045 229
4046 831
4047 3287
4048 3736
4049 2
4050 471
4051 2429
4052 12
4053 957
4054 1431
4055 3382
4056 434
4057 1431
4058 3669
4059 2874
4060 871
4061 2028
4062 79
4063 733
4064 278
4065 3627
4066 3656
4067 267
4068 661
4069 127
4070 707
4071 2819
4072 245
4073 796
4074 2041
4075 601
4076 401
4077 4063
4078 3937
4079 3
4080 3916
4081 3728
4082 2310
4083 295
4084 222
4085 1378
4086 1
4087 168
4088 3470
4089 147
4090 2099
4091 2357
4092 654
4093 2986
4094 2636
4095 222
4096 3808
4097 1880
4098 711
4099 292
4100 0
4101 2
4102 769
4103 2755
4104 242
4105 460
4106 7
4107 65
4108 3
4109 3927
4110 1088
4111 91
4112 7
4113 2187
4114 1445
4115 1642
4116 400
4117 508
4118 72
4119 181
4120 3497
4121 3382
4122 90
4123 1704
4124 1119
4125 105
4126 2534
4127 2179
4128 2218
4129 3021
4130 1546
4131 2933
4132 1203
4133 28
4134 1549
4135 2310
4136 36
4137 1608
4138 524
4139 1555
4140 2240
4141 696
4142 1581
4143 2766
4144 2129
4145 2
4146 4
4147 1283
4148 978
4149 1057
4150 16
4151 2634
4152 3982
4153 2
4154 1660
4155 1472
4156 2537
4157 7
4158 2
4159 406
4160 1524
4161 1585
4162 604
4163 2387
4164 3910
4165 2632
4166 4016
4167 2762
4168 914
4169 1273
4170 74
4171 1175
4172 1540
4173 3564
4174 1632
4175 307
4176 1069
4177 869
4178 1461
4179 3267
4180 918
4181 105
4182 2352
4183 1005
4184 2555
4185 2245
4186 2886
4187 3231
4188 1711
4189 643
4190 294
4191 4
4192 1767
4193 1
4194 2823
4195 3690
4196 2413
4197 3866
4198 466
4199 3156
4200 11
4201 294
4202 126
4203 2175
4204 646
4205 1364
4206 1821
4207 700
4208 1
4209 1054
4210 3944
4211 1619
4212 1080
4213 2896
4214 3106
4215 909
4216 3
4217 91
4218 1994
4219 3457
4220 41
4221 698
4222 0
4223 1776
4224 3906
4225 4207
4226 450
4227 883
4228 3614
4229 2729
4230 272
4231 733
4232 1624
4233 2836
4234 1450
4235 116
4236 521
4237 2688
4238 1600
4239 2420
4240 3072
4241 1404
4242 184
4243 3620
4244 590
4245 827
4246 3176
4247 1320
4248 1115
4249 309
4250 789
4251 267
4252 2069
4253 2359
4254 1238
4255 1024
4256 1917
4257 787
4258 1359
4259 1331
4260 0
4261 3885
4262 39
4263 1582
4264 3374
4265 126
4266 2220
4267 2
4268 352
4269 892
4270 138
4271 1203
4272 1879
4273 4175
4274 1648
4275 44
4276 581
4277 462
4278 2
4279 285
4280 4025
4281 1
4282 1343
4283 1750
4284 1029
4285 985
4286 3820
4287 1548
4288 3811
4289 11
4290 1029
4291 1698
4292 10
4293 869
4294 1
4295 345
4296 1925
4297 177
4298 237
4299 1581
4300 1177
4301 2872
4302 2932
4303 1484
4304 75
4305 3976
4306 2789
4307 1765
4308 482
4309 229
4310 594
4311 2158
4312 215
4313 182
4314 3275
4315 3995
4316 22
4317 12
4318 17
4319 1925
4320 4028
4321 1503
4322 492
4323 218
4324 2192
4325 2302
4326 3757
4327 3535
4328 2695
4329 1955
4330 4
4331 597
4332 3759
4333 1283
4334 2685
4335 837
4336 3944
4337 1659
4338 1727
4339 102
4340 1772
4341 371
4342 2232
4343 2225
4344 48
4345 1383
4346 818
4347 294
4348 1491
4349 652
4350 1368
4351 2
4352 4061
4353 1449
4354 1672
4355 3
4356 28
4357 1818
4358 1321
4359 1579
4360 42
4361 306
4362 639
4363 3815
4364 3483
4365 2179
4366 36
4367 286
4368 3384
4369 4301
4370 294
4371 817
4372 140
4373 8
4374 1936
4375 2394
4376 1109
4377 2289
4378 1541
4379 2274
4380 1967
4381 2180
4382 2983
4383 2107
4384 174
4385 1130
4386 82
4387 3943
4388 3135
4389 877
4390 566
4391 121
4392 1078
4393 1421
4394 2259
4395 22
4396 492
4397 2762
4398 1355
4399 3251
4400 2021
4401 2
4402 60
4403 759
4404 703
4405 1084
4406 1540
4407 3561
4408 440
4409 233
4410 4303
4411 2225
4412 1192
4413 2248
4414 11
4415 409
4416 3977
4417 2689
4418 4059
4419 4070
4420 151
4421 2805
4422 1745
4423 4
4424 3524
4425 20
4426 3090
4427 2338
4428 2232
4429 2098
4430 2540
4431 2408
4432 93
4433 1328
4434 3850
4435 149
4436 254
4437 4120
4438 1909
4439 4066
4440 993
4441 1211
4442 1240
4443 2391
4444 3269
4445 1125
4446 306
4447 130
4448 1287
4449 2104
4450 903
4451 289
4452 3157
4453 2579
4454 760
4455 492
4456 258
4457 137
4458 2737
4459 4256
4460 0
4461 2077
4462 21
4463 2
4464 74
4465 456
4466 2176
4467 1
4468 191
4469 240
4470 2821
4471 543
4472 3963
4473 4070
4474 758
4475 941
4476 3887
4477 1445
4478 132
4479 338
4480 426
4481 831
4482 285
4483 105
4484 12
4485 2964
4486 1255
4487 2762
4488 1203
4489 157
4490 3650
4491 14
4492 2454
4493 1020
4494 1929
4495 1281
4496 1014
4497 4478
4498 2184
4499 406
4500 467
4501 1020
4502 2426
4503 105
4504 2338
4505 2766
4506 43
4507 2232
4508 1245
4509 2935
4510 542
4511 229
4512 1870
4513 70
4514 349
4515 103
4516 1918
4517 3125
4518 1636
4519 3007
4520 2493
4521 459
4522 2899
4523 756
4524 4170
4525 134
4526 854
4527 2160
4528 32
4529 93
4530 1092
4531 1677
4532 93
4533 349
4534 4347
4535 59
4536 3215
4537 135
4538 628
4539 925
4540 4102
4541 1306
4542 41
4543 429
4544 4148
4545 2740
4546 2452
4547 3609
4548 3853
4549 44
4550 2
4551 1106
4552 4199
4553 2113
4554 689
4555 1311
4556 276
4557 401
4558 75
4559 1730
4560 3672
4561 235
4562 3907
4563 2006
4564 2620
4565 1797
4566 2991
4567 1815
4568 601
4569 190
4570 292
4571 3201
4572 7
4573 985
4574 1329
4575 950
4576 2162
4577 462
4578 56
4579 122
4580 2379
4581 460
4582 4280
4583 1362
4584 276
4585 417
4586 3144
4587 143
4588 2246
4589 2585
4590 229
4591 21
4592 3371
4593 1769
4594 69
4595 522
4596 2811
4597 3875
4598 400
4599 2570
4600 634
4601 3226
4602 10
4603 98
4604 218
4605 2339
4606 1395
4607 312
4608 450
4609 1514
4610 122
4611 4037
4612 909
4613 1512
4614 720
4615 561
4616 2233
4617 52
4618 1626
4619 201
4620 4403
4621 3482
4622 0
4623 1063
4624 4248
4625 1709
4626 1074
4627 2069
4628 633
4629 4188
4630 359
4631 148
4632 4556
4633 4312
4634 767
4635 3241
4636 524
4637 3085
4638 2983
4639 4419
4640 514
4641 360
4642 4150
4643 451
4644 0
4645 657
4646 2
4647 4127
4648 998
4649 4114
4650 828
4651 1926
4652 277
4653 662
4654 1300
4655 3906
4656 232
4657 666
4658 2265
4659 3305
4660 179
4661 4080
4662 724
4663 414
4664 684
4665 662
4666 117
4667 1173
4668 3448
4669 2283
4670 2574
4671 1173
4672 399
4673 18
4674 2826
4675 1460
4676 3276
4677 1870
4678 769
4679 2
4680 2325
4681 1361
4682 524
4683 2103
4684 192
4685 802
4686 1864
4687 56
4688 2291
4689 2
4690 2551
4691 206
4692 1053
4693 1090
4694 3
4695 60
4696 2407
4697 2723
4698 1131
4699 3883
4700 2646
4701 2366
4702 1704
4703 769
4704 2631
4705 1176
4706 359
4707 49
4708 4098
4709 2074
4710 3101
4711 4092
4712 1879
4713 1443
4714 1915
4715 1827
4716 36
4717 1283
4718 4119
4719 976
4720 1075
4721 1366
4722 3408
4723 339
4724 4265
4725 1790
4726 819
4727 455
4728 239
4729 2495
4730 3406
4731 4436
4732 1273
4733 1660
4734 742
4735 3748
4736 451
4737 2
4738 490
4739 1329
4740 3005
4741 169
4742 542
4743 2214
4744 1033
4745 1366
4746 3973
4747 4706
4748 2173
4749 1999
4750 3368
4751 4665
4752 2107
4753 3335
4754 1511
4755 2176
4756 3853
4757 2712
4758 1151
4759 234
4760 96
4761 2907
4762 4308
4763 2733
4764 163
4765 1169
4766 3868
4767 3356
4768 1710
4769 4686
4770 39
4771 1527
4772 1051
4773 554
4774 3385
4775 4199
4776 1090
4777 4318
4778 2
4779 946
4780 313
4781 114
4782 1372
4783 866
4784 816
4785 2560
4786 2276
4787 306
4788 79
4789 2603
4790 2
4791 3343
4792 2737
4793 549
4794 3143
4795 1214
4796 501
4797 4616
4798 2371
4799 2931
4800 386
4801 2201
4802 3
4803 57
4804 1307
4805 2045
4806 4517
4807 1
4808 4400
4809 126
4810 93
4811 2847
4812 2113
4813 3070
4814 4592
4815 58
4816 3832
4817 4254
4818 512
4819 4481
4820 4478
4821 3095
4822 1420
4823 3104
4824 681
4825 2456
4826 2428
4827 1686
4828 2
4829 1
4830 119
4831 3943
4832 4
4833 306
4834 3865
4835 219
4836 7
4837 11
4838 100
4839 3800
4840 261
4841 996
4842 2145
4843 4277
4844 306
4845 2729
4846 4057
4847 12
4848 477
4849 32
4850 3444
4851 4298
4852 403
4853 1686
4854 647
4855 870
4856 532
4857 96
4858 244
4859 1523
4860 4052
4861 4527
4862 787
4863 4
4864 1909
4865 3046
4866 2192
4867 22
4868 2393
4869 4177
4870 1618
4871 157
4872 2107
4873 4764
4874 490
4875 21
4876 4107
4877 1667
4878 3736
4879 4444
4880 4129
4881 2405
4882 3924
4883 1063
4884 1182
4885 114
4886 1680
4887 2120
4888 0
4889 2758
4890 199
4891 57
4892 105
4893 1848
4894 566
4895 2408
4896 2864
4897 394
4898 2201
4899 8
4900 1982
4901 4827
4902 298
4903 187
4904 1889
4905 3697
4906 36
4907 965
4908 29
4909 386
4910 124
4911 57
4912 4699
4913 258
4914 874
4915 4694
4916 1300
4917 4432
4918 32
4919 75
4920 3148
4921 1668
4922 2940
4923 41
4924 871
4925 93
4926 2298
4927 3
4928 319
4929 1863
4930 1075
4931 2288
4932 1457
4933 889
4934 4254
4935 3702
4936 1445
4937 22
4938 310
4939 1133
4940 2432
4941 246
4942 3742
4943 1298
4944 3109
4945 0
4946 2040
4947 22
4948 3216
4949 3535
4950 1366
4951 31
4952 105
4953 1666
4954 630
4955 1359
4956 4445
4957 93
4958 4101
4959 3609
4960 4146
4961 1695
4962 4190
4963 1927
4964 2162
4965 3073
4966 138
4967 3115
4968 3781
4969 1311
4970 662
4971 3005
4972 346
4973 222
4974 3732
4975 3149
4976 2399
4977 400
4978 5
4979 1280
4980 697
4981 52
4982 582
4983 1130
4984 1345
4985 1768
4986 2051
4987 1576
4988 1157
4989 1818
4990 384
4991 1915
4992 1744
4993 4021
4994 134
4995 2493
4996 2732
4997 7
4998 466
4999 277
5000 39
5001 4825
5002 317
5003 24
5004 3044
5005 971
5006 3206
5007 345
5008 6
5009 240
5010 926
5011 152
5012 2641
5013 840
5014 2886
5015 3915
5016 827
5017 769
5018 1832
5019 1431
5020 466
5021 4372
5022 3441
5023 1062
5024 126
5025 126
5026 2028
5027 4295
5028 23
5029 1827
5030 1004
5031 48
5032 2560
5033 204
5034 3
5035 393
5036 3224
5037 1343
5038 59
5039 3736
5040 331
5041 3891
5042 3602
5043 125
5044 4389
5045 3538
5046 3073
5047 1487
5048 576
5049 1955
5050 1294
5051 4236
5052 274
5053 4494
5054 770
5055 116
5056 1492
5057 4038
5058 2
5059 878
5060 1203
5061 240
5062 1173
5063 4688
5064 412
5065 3096
5066 82
5067 985
5068 838
5069 1031
5070 0
5071 197
5072 2743
5073 262
5074 2047
5075 2288
5076 1695
5077 3921
5078 183
5079 633
5080 3916
5081 3834
5082 3926
5083 619
5084 1864
5085 3667
5086 1586
5087 93
5088 2303
5089 1355
5090 477
5091 1178
5092 554
5093 43
5094 39
5095 4
5096 753
5097 310
5098 173
5099 3053
5100 218
5101 2236
5102 1210
5103 1475
5104 4593
5105 97
5106 918
5107 40
5108 3081
5109 938
5110 1555
5111 3824
5112 1925
5113 1855
5114 1531
5115 1929
5116 466
5117 363
5118 2710
5119 1303
5120 1445
5121 651
5122 2983
5123 1700
5124 1207
5125 3550
5126 2739
5127 271
5128 1855
5129 3
5130 154
5131 2167
5132 597
5133 4910
5134 548
5135 3298
5136 788
5137 837
5138 79
5139 4640
5140 164
5141 3184
5142 240
5143 432
5144 142
5145 223
5146 1924
5147 2282
5148 2746
5149 261
5150 15
5151 5115
5152 75
5153 2160
5154 4484
5155 494
5156 726
5157 955
5158 2109
5159 6
5160 1813
5161 1133
5162 624
5163 1827
5164 1214
5165 2041
5166 32
5167 1661
5168 1677
5169 2506
5170 4270
5171 4562
5172 4850
5173 2261
5174 491
5175 1260
5176 206
5177 4899
5178 1064
5179 1927
5180 3585
5181 126
5182 1372
5183 2
5184 1144
5185 1474
5186 2167
5187 1067
5188 4473
5189 464
5190 3600
5191 2545
5192 2
5193 3343
5194 237
5195 433
5196 3712
5197 310
5198 44
5199 13
5200 4
5201 2027
5202 352
5203 4259
5204 3831
5205 142
5206 2832
5207 5131
5208 791
5209 44
5210 2805
5211 2560
5212 22
5213 4294
5214 3401
5215 2201
5216 2237
5217 10
5218 1
5219 4484
5220 2160
5221 349
5222 61
5223 3
5224 1770
5225 164
5226 1781
5227 1695
5228 119
5229 4025
5230 1245
5231 171
5232 860
5233 2386
5234 4420
5235 3782
5236 36
5237 3575
5238 209
5239 4953
5240 1052
5241 2394
5242 850
5243 695
5244 1073
5245 2723
5246 1092
5247 1820
5248 3157
5249 169
5250 892
5251 3507
5252 1417
5253 1475
5254 9
5255 1637
5256 1
5257 2237
5258 1539
5259 996
5260 2393
5261 4950
5262 121
5263 1144
5264 346
5265 378
5266 4452
5267 4524
5268 985
5269 1638
5270 127
5271 375
5272 89
5273 2764
5274 2417
5275 124
5276 1359
5277 320
5278 2984
5279 230
5280 4844
5281 3004
5282 1460
5283 669
5284 44
5285 2903
5286 3
5287 982
5288 28
5289 192
5290 1085
5291 2
5292 244
5293 792
5294 3249
5295 79
5296 323
5297 2620
5298 1745
5299 1113
5300 206
5301 2558
5302 4052
5303 700
5304 237
5305 121
5306 25
5307 3550
5308 473
5309 1592
5310 3138
5311 1581
5312 732
5313 1593
5314 487
5315 4611
5316 1069
5317 4596
5318 175
5319 1169
5320 1711
5321 2254
5322 4966
5323 2343
5324 48
5325 768
5326 3761
5327 5307
5328 9
5329 235
5330 1183
5331 4421
5332 266
5333 5143
5334 774
5335 865
5336 1353
5337 3266
5338 777
5339 289
5340 971
5341 38
5342 721
5343 430
5344 195
5345 294
5346 5114
5347 56
5348 165
5349 1548
5350 999
5351 121
5352 508
5353 3588
5354 1
5355 3470
5356 184
5357 2037
5358 1707
5359 2046
5360 818
5361 4411
5362 1299
5363 4467
5364 4109
5365 1686
5366 1273
5367 210
5368 3840
5369 630
5370 2288
5371 1033
5372 1
5373 2899
5374 141
5375 3124
5376 2282
5377 821
5378 18
5379 1746
5380 937
5381 915
5382 1269
5383 2012
5384 128
5385 733
5386 3430
5387 20
5388 4060
5389 174
5390 5256
5391 115
5392 5244
5393 3724
5394 3303
5395 332
5396 9
5397 5188
5398 3394
5399 223
5400 66
5401 1129
5402 368
5403 2176
5404 2710
5405 3215
5406 1924
5407 5233
5408 1
5409 1353
5410 731
5411 207
5412 3761
5413 3524
5414 3734
5415 2159
5416 0
5417 4158
5418 3626
5419 278
5420 22
5421 1625
5422 4542
5423 918
5424 2091
5425 4513
5426 3373
5427 3976
5428 206
5429 222
5430 2502
5431 1555
5432 224
5433 2469
5434 3702
5435 171
5436 2762
5437 4197
5438 3991
5439 1967
5440 1695
5441 4954
5442 4832
5443 5396
5444 2107
5445 806
5446 2947
5447 2339
5448 3172
5449 3938
5450 3867
5451 251
5452 331
5453 2000
5454 4805
5455 4365
5456 41
5457 0
5458 276
5459 3787
5460 346
5461 1872
5462 512
5463 5101
5464 10
5465 1069
5466 371
5467 1805
5468 3036
5469 119
5470 4648
5471 4665
5472 1985
5473 8
5474 152
5475 118
5476 1432
5477 227
5478 354
5479 3406
5480 837
5481 2535
5482 4678
5483 83
5484 811
5485 2278
5486 1009
5487 2981
5488 294
5489 3950
5490 39
5491 1016
5492 2883
5493 4454
5494 2074
5495 4683
5496 2221
5497 57
5498 3195
5499 1329
5500 7
5501 26
5502 1709
5503 4659
5504 1346
5505 5470
5506 2533
5507 5267
5508 3173
5509 3067
5510 258
5511 3364
5512 4095
5513 2512
5514 900
5515 202
5516 5431
5517 777
5518 1555
5519 2955
5520 4525
5521 61
5522 2403
5523 8
5524 2223
5525 597
5526 565
5527 1350
5528 4901
5529 4686
5530 3618
5531 3110
5532 971
5533 1751
5534 499
5535 257
5536 2101
5537 4454
5538 870
5539 5278
5540 132
5541 4362
5542 295
5543 6
5544 215
5545 5
5546 4408
5547 3777
5548 91
5549 4347
5550 188
5551 618
5552 1
5553 645
5554 1434
5555 412
5556 1624
5557 1092
5558 4815
5559 954
5560 0
5561 12
5562 124
5563 619
5564 126
5565 4680
5566 1289
5567 37
5568 797
5569 3291
5570 1499
5571 3436
5572 2
5573 4648
5574 2712
5575 2389
5576 1048
5577 4582
5578 465
5579 1853
5580 769
5581 2733
5582 53
5583 2289
5584 1285
5585 2
5586 1224
5587 3647
5588 1543
5589 318
5590 2996
5591 31
5592 4265
5593 1935
5594 3906
5595 781
5596 69
5597 4122
5598 215
5599 1218
5600 272
5601 1594
5602 1593
5603 229
5604 276
5605 1501
5606 3478
5607 628
5608 2352
5609 454
5610 3366
5611 138
5612 3785
5613 3025
5614 3371
5615 1042
5616 375
5617 1487
5618 2471
5619 1592
5620 247
5621 74
5622 3488
5623 1686
5624 2362
5625 1329
5626 171
5627 132
5628 2417
5629 1438
5630 638
5631 5091
5632 2173
5633 2
5634 236
5635 188
5636 88
5637 3570
5638 1175
5639 1177
5640 5115
5641 64
5642 3687
5643 1128
5644 93
5645 547
5646 1334
5647 78
5648 675
5649 74
5650 1461
5651 1326
5652 3141
5653 4169
5654 5020
5655 1555
5656 1158
5657 2236
5658 3382
5659 105
5660 2823
5661 839
5662 1824
5663 3539
5664 38
5665 5255
5666 1902
5667 3982
5668 2371
5669 355
5670 1118
5671 22
5672 1323
5673 256
5674 93
5675 1220
5676 1244
5677 144
5678 466
5679 3367
5680 3240
5681 5654
5682 2638
5683 4093
5684 3747
5685 2700
5686 3914
5687 823
5688 1085
5689 3804
5690 1492
5691 4798
5692 2761
5693 1056
5694 663
5695 4447
5696 119
5697 0
5698 5490
5699 1094
5700 338
5701 3621
5702 411
5703 4179
5704 931
5705 675
5706 3326
5707 866
5708 1654
5709 1042
5710 2
5711 96
5712 1700
5713 411
5714 134
5715 5435
5716 2180
5717 266
5718 4168
5719 93
5720 3524
5721 3121
5722 1759
5723 390
5724 2041
5725 5518
5726 4428
5727 3655
5728 811
5729 2732
5730 2
5731 954
5732 4496
5733 3197
5734 297
5735 177
5736 4826
5737 116
5738 1
5739 1816
5740 1915
5741 2362
5742 557
5743 1984
5744 3667
5745 4849
5746 182
5747 789
5748 4764
5749 1214
5750 250
5751 1191
5752 2923
5753 5710
5754 708
5755 29
5756 4711
5757 3600
5758 236
5759 3200
5760 789
5761 1305
5762 2049
5763 600
5764 41
5765 3930
5766 973
5767 2
5768 393
5769 173
5770 1251
5771 1320
5772 747
5773 3378
5774 1767
5775 193
5776 2245
5777 4285
5778 447
5779 2649
5780 5383
5781 4114
5782 4324
5783 2754
5784 1289
5785 57
5786 2161
5787 1126
5788 2508
5789 0
5790 54
5791 2099
5792 3286
5793 2960
5794 4335
5795 4893
5796 4516
5797 147
5798 2580
5799 36
5800 2758
5801 4601
5802 5594
5803 3591
5804 148
5805 120
5806 5036
5807 2214
5808 180
5809 4755
5810 421
5811 3073
5812 2005
5813 240
5814 1936
5815 3969
5816 661
5817 1271
5818 762
5819 1985
5820 1039
5821 188
5822 114
5823 4639
5824 227
5825 2689
5826 481
5827 54
5828 4200
5829 494
5830 2462
5831 2443
5832 1479
5833 2590
5834 2999
5835 499
5836 4078
5837 1759
5838 1009
5839 375
5840 2261
5841 3483
5842 345
5843 1360
5844 75
5845 3535
5846 4488
5847 1512
5848 2203
5849 985
5850 4451
5851 4582
5852 468
5853 478
5854 2729
5855 3853
5856 896
5857 1705
5858 2098
5859 4730
5860 41
5861 138
5862 3630
5863 2946
5864 2
5865 3517
5866 49
5867 5451
5868 3155
5869 116
5870 3215
5871 57
5872 191
5873 39
5874 1954
5875 26
5876 982
5877 250
5878 39
5879 4
5880 2495
5881 141
5882 3124
5883 4673
5884 4487
5885 2839
5886 4371
5887 218
5888 10
5889 827
5890 3821
5891 1694
5892 305
5893 61
5894 446
5895 4654
5896 2193
5897 896
5898 4038
5899 4959
5900 3279
5901 1465
5902 1141
5903 4052
5904 37
5905 828
5906 5002
5907 3602
5908 4495
5909 1769
5910 495
5911 859
5912 3991
5913 4251
5914 3555
5915 533
5916 758
5917 199
5918 2114
5919 1712
5920 5319
5921 157
5922 261
5923 797
5924 1158
5925 4648
5926 73
5927 1377
5928 2493
5929 2147
5930 4844
5931 1101
5932 521
5933 2137
5934 3999
5935 3501
5936 2152
5937 33
5938 283
5939 6
5940 1173
5941 379
5942 855
5943 121
5944 1637
5945 1593
5946 118
5947 5490
5948 979
5949 5165
5950 2041
5951 0
5952 4367
5953 3888
5954 908
5955 4832
5956 1069
5957 2659
5958 9
5959 1084
5960 1882
5961 973
5962 2169
5963 5165
5964 721
5965 4136
5966 5624
5967 4775
5968 4
5969 1767
5970 2774
5971 1300
5972 2011
5973 214
5974 0
5975 2187
5976 226
5977 79
5978 354
5979 4695
5980 375
5981 1720
5982 556
5983 940
5984 2139
5985 53
5986 240
5987 4094
5988 961
5989 1
5990 2593
5991 631
5992 3799
5993 2843
5994 1345
5995 1
5996 811
5997 5893
5998 3511
5999 4397
6000 3211
6001 2
6002 3982
6003 3747
6004 446
6005 2310
6006 2237
6007 2864
6008 541
6009 1406
6010 3636
6011 364
6012 2453
6013 5865
6014 2
6015 204
6016 2
6017 3243
6018 3728
6019 5615
6020 95
6021 4797
6022 404
6023 1106
6024 4174
6025 441
6026 760
6027 1042
6028 891
6029 457
6030 4321
6031 5346
6032 4
6033 2620
6034 948
6035 5176
6036 7
6037 323
6038 1075
6039 5835
6040 703
6041 915
6042 3098
6043 784
6044 4472
6045 2901
6046 3578
6047 1467
6048 6044
6049 681
6050 1925
6051 579
6052 4891
6053 2900
6054 5635
6055 2608
6056 218
6057 4413
6058 769
6059 4
6060 5401
6061 507
6062 2608
6063 72
6064 807
6065 1709
6066 1425
6067 5411
6068 5608
6069 61
6070 1151
6071 3205
6072 4213
6073 1477
6074 622
6075 2960
6076 3184
6077 1284
6078 870
6079 59
6080 1274
6081 1009
6082 345
6083 6017
6084 1779
6085 222
6086 2745
6087 2018
6088 1012
6089 16
6090 4646
6091 5427
6092 103
6093 6
6094 1008
6095 5534
6096 90
6097 2184
6098 1105
6099 21
6100 2209
6101 3126
6102 1177
6103 4040
6104 772
6105 828
6106 89
6107 5004
6108 2008
6109 1511
6110 1244
6111 1190
6112 658
6113 870
6114 3844
6115 663
6116 984
6117 2080
6118 10
6119 1024
6120 15
6121 1029
6122 2188
6123 753
6124 1853
6125 5664
6126 42
6127 3459
6128 3745
6129 3371
6130 4376
6131 2647
6132 43
6133 5768
6134 6110
6135 3924
6136 1418
6137 1457
6138 5447
6139 3696
6140 495
6141 1157
6142 860
6143 2274
6144 2100
6145 2020
6146 1482
6147 3524
6148 811
6149 1331
6150 1968
6151 3
6152 3524
6153 708
6154 1449
6155 2233
6156 758
6157 4585
6158 1420
6159 1073
6160 4205
6161 3366
6162 2578
6163 432
6164 22
6165 175
6166 1316
6167 4894
6168 4365
6169 346
6170 4844
6171 379
6172 443
6173 545
6174 619
6175 795
6176 345
6177 323
6178 4765
6179 4944
6180 4337
6181 4366
6182 1235
6183 6151
6184 111
6185 175
6186 3707
6187 400
6188 218
6189 5959
6190 121
6191 1716
6192 3799
6193 477
6194 2
6195 2011
6196 3208
6197 2
6198 5613
6199 5697
6200 49
6201 5060
6202 733
6203 1146
6204 1312
6205 1659
6206 295
6207 34
6208 638
6209 1474
6210 3865
6211 1658
6212 3808
6213 93
6214 3170
6215 1477
6216 4613
6217 145
6218 6032
6219 5867
6220 495
6221 5630
6222 1060
6223 631
6224 240
6225 5657
6226 1136
6227 1099
6228 3606
6229 2414
6230 926
6231 1695
6232 5178
6233 2946
6234 5651
6235 2118
6236 702
6237 5437
6238 4199
6239 4411
6240 5029
6241 984
6242 664
6243 1814
6244 2775
6245 102
6246 182
6247 800
6248 2578
6249 1251
6250 5378
6251 2232
6252 850
6253 4186
6254 1057
6255 2814
6256 2691
6257 451
6258 2414
6259 4205
6260 1158
6261 1681
6262 1261
6263 3596
6264 2
6265 2947
6266 2904
6267 91
6268 4848
6269 3994
6270 2462
6271 837
6272 34
6273 5101
6274 4773
6275 4
6276 1595
6277 36
6278 988
6279 69
6280 267
6281 52
6282 2947
6283 104
6284 3142
6285 3
6286 4
6287 119
6288 3767
6289 2431
6290 2535
6291 5395
6292 1614
6293 2393
6294 2343
6295 1558
6296 175
6297 5183
6298 3518
6299 2387
6300 2623
6301 3639
6302 5506
6303 1
6304 6061
6305 4789
6306 83
6307 454
6308 4371
6309 2267
6310 3565
6311 5066
6312 638
6313 15
6314 2431
6315 3205
6316 61
6317 1245
6318 6052
6319 5336
6320 237
6321 749
6322 3829
6323 11
6324 547
6325 434
6326 111
6327 357
6328 96
6329 462
6330 2721
6331 4058
6332 2994
6333 4838
6334 4201
6335 4321
6336 3816
6337 28
6338 6229
6339 2302
6340 3342
6341 3427
6342 929
6343 1967
6344 3714
6345 276
6346 973
6347 2724
6348 4844
6349 658
6350 3104
6351 4811
6352 2239
6353 2463
6354 2607
6355 2905
6356 2494
6357 215
6358 5
6359 91
6360 3194
6361 2213
6362 247
6363 1982
6364 2282
6365 2393
6366 93
6367 1497
6368 2688
6369 181
6370 3558
6371 2302
6372 3906
6373 5356
6374 292
6375 1958
6376 917
6377 657
6378 5296
6379 1129
6380 5090
6381 697
6382 1238
6383 1665
6384 3004
6385 2390
6386 63
6387 1105
6388 4910
6389 1792
6390 157
6391 5768
6392 3655
6393 2260
6394 1270
6395 5452
6396 1681
6397 4556
6398 1542
6399 732
6400 4383
6401 3543
6402 5029
6403 5987
6404 121
6405 6401
6406 5769
6407 2
6408 1
6409 22
6410 1055
6411 2535
6412 1940
6413 1860
6414 334
6415 0
6416 271
6417 741
6418 635
6419 17
6420 5734
6421 4616
6422 37
6423 229
6424 120
6425 5428
6426 3543
6427 74
6428 36
6429 4596
6430 767
6431 859
6432 2092
6433 503
6434 295
6435 2044
6436 1383
6437 364
6438 41
6439 3577
6440 2024
6441 4
6442 822
6443 12
6444 3748
6445 1234
6446 4904
6447 199
6448 5477
6449 3374
6450 3266
6451 1925
6452 443
6453 72
6454 206
6455 5785
6456 3776
6457 72
6458 3398
6459 1311
6460 1539
6461 601
6462 4844
6463 365
6464 145
6465 188
6466 4179
6467 1053
6468 5784
6469 534
6470 4955
6471 185
6472 5628
6473 3458
6474 1875
6475 2587
6476 6292
6477 5328
6478 6035
6479 1711
6480 2679
6481 2533
6482 2
6483 6084
6484 3995
6485 2761
6486 2459
6487 0
6488 2080
6489 2246
6490 625
6491 1429
6492 1391
6493 603
6494 11
6495 450
6496 5285
6497 3290
6498 2
6499 2842
6500 693
6501 302
6502 978
6503 1024
6504 48
6505 1883
6506 0
6507 1314
6508 292
6509 400
6510 4960
6511 152
6512 251
6513 4092
6514 344
6515 2232
6516 1
6517 468
6518 769
6519 3926
6520 1673
6521 3506
6522 3044
6523 4454
6524 413
6525 787
6526 2833
6527 1081
6528 181
6529 78
6530 1542
6531 2953
6532 4635
6533 1637
6534 1256
6535 206
6536 0
6537 3833
6538 57
6539 3645
6540 5874
6541 144
6542 3702
6543 5224
6544 1335
6545 5049
6546 2570
6547 4190
6548 6081
6549 102
6550 22
6551 843
6552 2241
6553 4058
6554 730
6555 819
6556 2674
6557 724
6558 339
6559 562
6560 700
6561 1419
6562 124
6563 5544
6564 625
6565 1
6566 2733
6567 5644
6568 3169
6569 2570
6570 1165
6571 5624
6572 414
6573 3501
6574 1841
6575 225
6576 597
6577 1342
6578 3937
6579 216
6580 270
6581 4283
6582 562
6583 1541
6584 4566
6585 5561
6586 6542
6587 2
6588 5771
6589 2089
6590 39
6591 261
6592 4025
6593 4225
6594 206
6595 8
6596 2
6597 7
6598 1084
6599 3407
6600 271
6601 375
6602 5131
6603 1988
6604 3200
6605 1578
6606 5574
6607 114
6608 2956
6609 6238
6610 1727
6611 1311
6612 4324
6613 618
6614 658
6615 2041
6616 643
6617 271
6618 3570
6619 6063
6620 6508
6621 3865
6622 711
6623 22
6624 6458
6625 4
6626 41
6627 4832
6628 4905
6629 559
6630 5235
6631 481
6632 2413
6633 2558
6634 2886
6635 710
6636 1031
6637 826
6638 1177
6639 1665
6640 1797
6641 4481
6642 6152
6643 1472
6644 1093
6645 0
6646 235
6647 2554
6648 74
6649 2451
6650 4819
6651 1467
6652 218
6653 11
6654 4681
6655 1524
6656 1156
6657 1
6658 2560
6659 597
6660 250
6661 4670
6662 15
6663 6194
6664 0
6665 3366
6666 294
6667 93
6668 6459
6669 2725
6670 658
6671 3367
6672 4678
6673 530
6674 1929
6675 573
6676 126
6677 3410
6678 3934
6679 1033
6680 777
6681 2
6682 6103
6683 6616
6684 1114
6685 6153
6686 623
6687 3197
6688 2179
6689 1313
6690 4686
6691 1570
6692 5888
6693 266
6694 2760
6695 4730
6696 2029
6697 780
6698 511
6699 6206
6700 2788
6701 44
6702 2771
6703 4681
6704 2817
6705 1934
6706 5643
6707 68
6708 3239
6709 2746
6710 3094
6711 375
6712 185
6713 379
6714 5771
6715 132
6716 89
6717 1169
6718 155
6719 2443
6720 6536
6721 6444
6722 22
6723 3164
6724 1994
6725 539
6726 190
6727 2362
6728 1070
6729 411
6730 5209
6731 4
6732 39
6733 4571
6734 461
6735 2546
6736 0
6737 3141
6738 36
6739 379
6740 529
6741 1060
6742 757
6743 195
6744 4026
6745 5991
6746 5822
6747 3021
6748 493
6749 3937
6750 2668
6751 4123
6752 373
6753 197
6754 5484
6755 734
6756 6520
6757 1094
6758 5835
6759 2189
6760 3863
6761 48
6762 756
6763 3156
6764 1836
6765 1092
6766 4142
6767 1283
6768 6479
6769 3511
6770 450
6771 295
6772 2766
6773 6760
6774 5620
6775 5183
6776 967
6777 3766
6778 1119
6779 1640
6780 973
6781 3788
6782 3683
6783 1314
6784 5606
6785 1482
6786 413
6787 6527
6788 4026
6789 556
6790 1
6791 4088
6792 4910
6793 1158
6794 280
6795 1035
6796 3696
6797 3991
6798 2529
6799 787
6800 3318
6801 2092
6802 6707
6803 3103
6804 10
6805 5256
6806 1079
6807 3210
6808 329
6809 144
6810 44
6811 3172
6812 1473
6813 1836
6814 483
6815 1383
6816 2823
6817 360
6818 484
6819 1063
6820 6046
6821 17
6822 527
6823 5218
6824 6164
6825 3216
6826 961
6827 4454
6828 2
6829 507
6830 5842
6831 2
6832 633
6833 6765
6834 67
6835 1353
6836 702
6837 5125
6838 1999
6839 2389
6840 2338
6841 2218
6842 6418
6843 1509
6844 69
6845 2771
6846 4325
6847 819
6848 69
6849 3585
6850 1178
6851 1414
6852 32
6853 451
6854 936
6855 237
6856 838
6857 511
6858 6613
6859 3850
6860 314
6861 3206
6862 3314
6863 5026
6864 6429
6865 4059
6866 3025
6867 1672
6868 4109
6869 276
6870 5216
6871 397
6872 4190
6873 762
6874 850
6875 399
6876 976
6877 29
6878 3164
6879 658
6880 6430
6881 93
6882 1262
6883 298
6884 477
6885 4640
6886 3483
6887 3224
6888 935
6889 1386
6890 1487
6891 206
6892 3103
6893 195
6894 3020
6895 4927
6896 5653
6897 1698
6898 22
6899 6160
6900 601
6901 1900
6902 3511
6903 5987
6904 150
6905 2946
6906 4387
6907 1972
6908 5801
6909 237
6910 8
6911 223
6912 6525
6913 1705
6914 710
6915 5195
6916 147
6917 78
6918 1797
6919 6886
6920 926
6921 1065
6922 1928
6923 271
6924 542
6925 624
6926 865
6927 3073
6928 877
6929 3498
6930 6253
6931 49
6932 516
6933 5463
6934 165
6935 2740
6936 22
6937 3158
6938 183
6939 8
6940 5430
6941 4038
6942 4699
6943 1474
6944 5244
6945 4898
6946 996
6947 4323
6948 5536
6949 5060
6950 3937
6951 1220
6952 3720
6953 247
6954 186
6955 75
6956 1501
6957 15
6958 38
6959 2822
6960 2376
6961 4956
6962 495
6963 889
6964 2899
6965 3944
6966 41
6967 6208
6968 5909
6969 1311
6970 2284
6971 2824
6972 6500
6973 6762
6974 3490
6975 666
6976 1385
6977 6
6978 247
6979 1695
6980 265
6981 390
6982 303
6983 5486
6984 5414
6985 4832
6986 2896
6987 724
6988 237
6989 4787
6990 5929
6991 3906
6992 5632
6993 437
6994 364
6995 859
6996 5285
6997 6694
6998 141
6999 163
7000 192
7001 5342
7002 1408
7003 698
7004 1029
7005 1385
7006 206
7007 1944
7008 1881
7009 5651
7010 2608
7011 2981
7012 551
7013 4624
7014 1311
7015 0
7016 507
7017 346
7018 1920
7019 1300
7020 5934
7021 1175
7022 4052
7023 2800
7024 2768
7025 206
7026 791
7027 4693
7028 6226
7029 4923
7030 4401
7031 229
7032 460
7033 5066
7034 1616
7035 396
7036 5457
7037 126
7038 1634
7039 2420
7040 6128
7041 90
7042 4287
7043 63
7044 5798
7045 2204
7046 3938
7047 2
7048 1000
7049 185
7050 2851
7051 240
7052 3382
7053 7010
7054 411
7055 2423
7056 132
7057 4145
7058 923
7059 3197
7060 1059
7061 0
7062 414
7063 2634
7064 3391
7065 96
7066 2920
7067 3829
7068 3963
7069 1497
7070 3266
7071 2668
7072 2341
7073 624
7074 103
7075 4654
7076 979
7077 5166
7078 518
7079 5260
7080 3603
7081 932
7082 75
7083 1661
7084 7
7085 285
7086 4507
7087 2260
7088 4834
7089 74
7090 1016
7091 6723
7092 475
7093 2243
7094 1772
7095 3343
7096 0
7097 840
7098 271
7099 585
7100 4492
7101 378
7102 2443
7103 1052
7104 893
7105 6505
7106 810
7107 6314
7108 1686
7109 1672
7110 5690
7111 49
7112 4826
7113 1383
7114 724
7115 1048
7116 22
7117 2
7118 2983
7119 218
7120 98
7121 132
7122 3720
7123 6389
7124 145
7125 7110
7126 870
7127 658
7128 3997
7129 63
7130 3253
7131 1965
7132 986
7133 3088
7134 4688
7135 810
7136 313
7137 1994
7138 1159
7139 4445
7140 2668
7141 2933
7142 638
7143 6032
7144 601
7145 6069
7146 6488
7147 64
7148 877
7149 5741
7150 4362
7151 3276
7152 1593
7153 4107
7154 2
7155 6692
7156 199
7157 313
7158 903
7159 1
7160 1936
7161 5176
7162 5831
7163 417
7164 865
7165 957
7166 3914
7167 2217
7168 105
7169 797
7170 2540
7171 4641
7172 2819
7173 6048
7174 6208
7175 434
7176 3625
7177 403
7178 6903
7179 7029
7180 12
7181 2903
7182 6856
7183 7070
7184 1031
7185 3945
7186 228
7187 2323
7188 6737
7189 1774
7190 5360
7191 2
7192 6319
7193 7095
7194 6885
7195 1062
7196 124
7197 1032
7198 2055
7199 4593
7200 57
7201 2616
7202 1479
7203 2614
7204 6496
7205 787
7206 4
7207 2581
7208 3815
7209 3748
7210 2951
7211 2554
7212 5129
7213 1605
7214 4563
7215 3560
7216 918
7217 4322
7218 1051
7219 1406
7220 3926
7221 2295
7222 0
7223 297
7224 3141
7225 4782
7226 601
7227 18
7228 3217
7229 126
7230 147
7231 1575
7232 171
7233 1690
7234 4692
7235 6486
7236 2021
7237 534
7238 2872
7239 222
7240 0
7241 2732
7242 1456
7243 2511
7244 6208
7245 7
7246 2374
7247 3
7248 6643
7249 1477
7250 73
7251 1340
7252 234
7253 2035
7254 3447
7255 39
7256 971
7257 1868
7258 1710
7259 1966
7260 1285
7261 1606
7262 696
7263 2787
7264 1042
7265 2
7266 4225
7267 4261
7268 5056
7269 2362
7270 1915
7271 4902
7272 469
7273 28
7274 329
7275 4776
7276 4
7277 1126
7278 1345
7279 5548
7280 4294
7281 548
7282 42
7283 2103
7284 2152
7285 5988
7286 2649
7287 4815
7288 4329
7289 218
7290 2011
7291 258
7292 1112
7293 2942
7294 1998
7295 6926
7296 5435
7297 206
7298 3728
7299 134
7300 5684
7301 1466
7302 511
7303 10
7304 285
7305 127
7306 2
7307 481
7308 1423
7309 6905
7310 525
7311 4371
7312 1167
7313 3073
7314 917
7315 6176
7316 2623
7317 2888
7318 364
7319 477
7320 2896
7321 4903
7322 2872
7323 2956
7324 96
7325 575
7326 57
7327 6029
7328 4025
7329 4480
7330 799
7331 673
7332 331
7333 2092
7334 462
7335 2
7336 2642
7337 4433
7338 396
7339 39
7340 6452
7341 2969
7342 4359
7343 6376
7344 1842
7345 5737
7346 400
7347 5879
7348 3164
7349 2
7350 4673
7351 5816
7352 3759
7353 984
7354 672
7355 2560
7356 3164
7357 1580
7358 44
7359 1458
7360 218
7361 2956
7362 2286
7363 3070
7364 5871
7365 5426
7366 2766
7367 2176
7368 488
7369 5503
7370 1848
7371 2430
7372 5413
7373 3073
7374 1189
7375 313
7376 4092
7377 306
7378 737
7379 6422
7380 2232
7381 5057
7382 1001
7383 5506
7384 5156
7385 2891
7386 826
7387 6475
7388 2723
7389 3141
7390 918
7391 558
7392 887
7393 1130
7394 3031
7395 3853
7396 2096
7397 5580
7398 574
7399 80
7400 7291
7401 218
7402 4181
7403 353
7404 22
7405 3296
7406 1235
7407 93
7408 5253
7409 3990
7410 1581
7411 3247
7412 3134
7413 277
7414 4070
7415 7119
7416 5198
7417 817
7418 4665
7419 3837
7420 64
7421 3805
7422 2145
7423 4026
7424 1776
7425 3012
7426 55
7427 412
7428 484
7429 1270
7430 6689
7431 5086
7432 3303
7433 1026
7434 294
7435 2899
7436 6476
7437 4493
7438 4901
7439 4975
7440 2129
7441 1884
7442 5253
7443 5541
7444 5423
7445 3289
7446 2035
7447 3667
7448 2610
7449 91
7450 4
7451 124
7452 4474
7453 6449
7454 12
7455 5128
7456 5454
7457 5387
7458 3620
7459 8
7460 4034
7461 4084
7462 103
7463 1925
7464 201
7465 15
7466 827
7467 2405
7468 1246
7469 1578
7470 1367
7471 175
7472 2584
7473 1494
7474 5841
7475 1712
7476 2653
7477 302
7478 48
7479 134
7480 7438
7481 1934
7482 3570
7483 2098
7484 5275
7485 7238
7486 78
7487 331
7488 4041
7489 1362
7490 2207
7491 231
7492 206
7493 1998
7494 11
7495 2533
7496 1220
7497 3816
7498 6351
7499 7216
7500 6496
7501 2668
7502 5267
7503 2664
7504 4867
7505 1301
7506 760
7507 2733
7508 5216
7509 217
7510 2583
7511 23
7512 7427
7513 6987
7514 3365
7515 1326
7516 1
7517 6985
7518 3233
7519 266
7520 1466
7521 3274
7522 7307
7523 4744
7524 568
7525 4827
7526 4781
7527 174
7528 860
7529 4184
7530 2
7531 6857
7532 1854
7533 1752
7534 1328
7535 630
7536 2
7537 180
7538 114
7539 1806
7540 28
7541 843
7542 7102
7543 6136
7544 2267
7545 5278
7546 215
7547 1687
7548 2145
7549 1035
7550 1769
7551 4017
7552 811
7553 4301
7554 3388
7555 423
7556 796
7557 40
7558 277
7559 7138
7560 6734
7561 1591
7562 7172
7563 4051
7564 2820
7565 5029
7566 784
7567 2
7568 88
7569 794
7570 2689
7571 2231
7572 762
7573 5743
7574 6993
7575 4211
7576 3243
7577 1095
7578 3315
7579 1973
7580 277
7581 78
7582 116
7583 1591
7584 4427
7585 5105
7586 1989
7587 7312
7588 73
7589 346
7590 5370
7591 1614
7592 450
7593 23
7594 1156
7595 3853
7596 828
7597 3800
7598 1672
7599 477
7600 6782
7601 1739
7602 663
7603 843
7604 127
7605 1039
7606 22
7607 843
7608 892
7609 4381
7610 6259
7611 1972
7612 715
7613 1642
7614 6168
7615 3246
7616 229
7617 5815
7618 3869
7619 3552
7620 6430
7621 1936
7622 157
7623 3539
7624 565
7625 3440
7626 217
7627 1555
7628 401
7629 3345
7630 2620
7631 49
7632 1703
7633 73
7634 21
7635 2535
7636 2856
7637 5000
7638 2302
7639 18
7640 3429
7641 7
7642 6824
7643 2790
7644 3820
7645 240
7646 6458
7647 481
7648 7525
7649 5356
7650 4389
7651 124
7652 3198
7653 3090
7654 592
7655 991
7656 91
7657 769
7658 1804
7659 3384
7660 1361
7661 2778
7662 213
7663 624
7664 3164
7665 2290
7666 1
7667 182
7668 1046
7669 2702
7670 1915
7671 7187
7672 4082
7673 346
7674 73
7675 61
7676 4686
7677 1024
7678 29
7679 5447
7680 3759
7681 2226
7682 1326
7683 622
7684 3332
7685 3829
7686 277
7687 5857
7688 5679
7689 6427
7690 4922
7691 378
7692 2296
7693 5570
7694 1804
7695 558
7696 1532
7697 104
7698 2475
7699 74
7700 2351
7701 2068
7702 4321
7703 4727
7704 3211
7705 167
7706 7012
7707 1312
7708 1491
7709 2306
7710 0
7711 3570
7712 4835
7713 3904
7714 4057
7715 480
7716 5848
7717 378
7718 3020
7719 557
7720 3425
7721 789
7722 5722
7723 165
7724 4686
7725 152
7726 2754
7727 105
7728 6295
7729 7558
7730 1288
7731 2735
7732 5506
7733 4789
7734 6737
7735 5789
7736 2509
7737 3142
7738 1311
7739 229
7740 96
7741 3427
7742 285
7743 3406
7744 5131
7745 7665
7746 2
7747 733
7748 4172
7749 63
7750 79
7751 413
7752 3728
7753 507
7754 3684
7755 3005
7756 5267
7757 2886
7758 933
7759 2452
7760 33
7761 539
7762 1925
7763 7648
7764 1647
7765 2
7766 1667
7767 436
7768 3662
7769 1101
7770 2994
7771 134
7772 4659
7773 18
7774 5574
7775 988
7776 859
7777 6884
7778 6374
7779 5770
7780 390
7781 3114
7782 6483
7783 97
7784 148
7785 1150
7786 2649
7787 7544
7788 6529
7789 4907
7790 971
7791 7653
7792 2
7793 6763
7794 60
7795 4944
7796 139
7797 449
7798 2139
7799 2556
7800 346
7801 7317
7802 3
7803 350
7804 6681
7805 1685
7806 7613
7807 7348
7808 6878
7809 0
7810 596
7811 2066
7812 5569
7813 2515
7814 179
7815 6631
7816 462
7817 512
7818 130
7819 4191
7820 5285
7821 3332
7822 1
7823 1610
7824 6058
7825 6451
7826 3975
7827 3464
7828 184
7829 5813
7830 57
7831 335
7832 1214
7833 6673
7834 1085
7835 1811
7836 2818
7837 7
7838 1303
7839 1175
7840 582
7841 2237
7842 702
7843 7607
7844 3249
7845 2
7846 3533
7847 814
7848 542
7849 877
7850 312
7851 2092
7852 5541
7853 2236
7854 2100
7855 3259
7856 4876
7857 0
7858 254
7859 1312
7860 789
7861 4146
7862 6488
7863 134
7864 2067
7865 3365
7866 3281
7867 212
7868 1016
7869 1001
7870 3567
7871 132
7872 7660
7873 5101
7874 1391
7875 249
7876 278
7877 2310
7878 105
7879 3074
7880 1919
7881 7590
7882 6926
7883 138
7884 5035
7885 318
7886 5310
7887 6723
7888 6723
7889 6843
7890 2706
7891 7839
7892 7180
7893 37
7894 2183
7895 7811
7896 6000
7897 1821
7898 156
7899 3339
7900 712
7901 1035
7902 158
7903 1196
7904 4819
7905 7705
7906 1167
7907 145
7908 2695
7909 23
7910 6631
7911 5174
7912 529
7913 1820
7914 4730
7915 2480
7916 25
7917 5406
7918 3654
7919 771
7920 1953
7921 843
7922 738
7923 2533
7924 7096
7925 2278
7926 487
7927 80
7928 5322
7929 3114
7930 1479
7931 1840
7932 6
7933 1499
7934 7203
7935 0
7936 1120
7937 207
7938 320
7939 36
7940 1690
7941 6781
7942 611
7943 2066
7944 6681
7945 7893
7946 1385
7947 6534
7948 2132
7949 7632
7950 2971
7951 1718
7952 4347
7953 4025
7954 7648
7955 1207
7956 3799
7957 247
7958 245
7959 1303
7960 4190
7961 416
7962 1056
7963 999
7964 4453
7965 1001
7966 2
7967 1779
7968 2216
7969 774
7970 229
7971 896
7972 7744
7973 6360
7974 258
7975 0
7976 5866
7977 3180
7978 5870
7979 1660
7980 2764
7981 3336
7982 6849
7983 4141
7984 6891
7985 2232
7986 2574
7987 6631
7988 99
7989 1630
7990 281
7991 2177
7992 7869
7993 859
7994 38
7995 114
7996 94
7997 739
7998 10
7999 7184
8000 2
8001 826
8002 5983
8003 1640
8004 5895
8005 121
8006 1297
8007 495
8008 2011
8009 1084
8010 1105
8011 3200
8012 434
8013 346
8014 4114
8015 23
8016 1085
8017 116
8018 611
8019 4254
8020 3702
8021 379
8022 7097
8023 4207
8024 22
8025 5988
8026 7482
8027 5004
8028 961
8029 5974
8030 2090
8031 483
8032 3655
8033 7895
8034 173
8035 74
8036 767
8037 274
8038 1911
8039 5605
8040 702
8041 93
8042 2113
8043 3
8044 6965
8045 1715
8046 5816
8047 114
8048 1203
8049 4388
8050 2913
8051 2823
8052 1159
8053 4529
8054 6213
8055 7172
8056 1189
8057 3899
8058 4470
8059 2288
8060 323
8061 7
8062 3575
8063 5537
8064 916
8065 3
8066 189
8067 73
8068 52
8069 10
8070 4743
8071 2
8072 4119
8073 3480
8074 97
8075 1203
8076 4020
8077 2964
8078 7730
8079 300
8080 1002
8081 2346
8082 881
8083 1362
8084 4452
8085 4245
8086 398
8087 4690
8088 1813
8089 2688
8090 1183
8091 3654
8092 7527
8093 462
8094 2553
8095 5470
8096 6371
8097 10
8098 776
8099 1526
8100 1889
8101 69
8102 1048
8103 4187
8104 666
8105 4219
8106 700
8107 3010
8108 83
8109 484
8110 2327
8111 462
8112 3490
8113 2766
8114 2203
8115 499
8116 5478
8117 403
8118 7652
8119 1442
8120 5813
8121 237
8122 147
8123 3774
8124 1653
8125 559
8126 2
8127 0
8128 465
8129 2468
8130 789
8131 556
8132 864
8133 85
8134 192
8135 2031
8136 2392
8137 6963
8138 1590
8139 4590
8140 310
8141 1260
8142 4389
8143 5973
8144 4301
8145 5776
8146 2187
8147 871
8148 346
8149 4360
8150 6819
8151 5396
8152 39
8153 15
8154 2418
8155 313
8156 8111
8157 871
8158 3398
8159 5403
8160 917
8161 7663
8162 169
8163 6204
8164 7599
8165 605
8166 5543
8167 2768
8168 33
8169 5089
8170 500
8171 3
8172 3000
8173 1779
8174 2681
8175 823
8176 2
8177 294
8178 7291
8179 2
8180 1
8181 182
8182 3129
8183 2034
8184 4389
8185 3937
8186 1496
8187 2
8188 1968
8189 17
8190 5551
8191 959
8192 177
8193 3253
8194 44
8195 4283
8196 696
8197 310
8198 5645
8199 5963
8200 1752
8201 4521
8202 3678
8203 5359
8204 1802
8205 714
8206 5541
8207 2327
8208 7
8209 1375
8210 4113
8211 6197
8212 6493
8213 4882
8214 1486
8215 3788
8216 1725
8217 1913
8218 6427
8219 44
8220 889
8221 1824
8222 4299
8223 910
8224 3820
8225 4818
8226 3528
8227 1495
8228 4080
8229 6409
8230 1382
8231 5913
8232 1102
8233 124
8234 7334
8235 3149
8236 1711
8237 79
8238 10
8239 61
8240 726
8241 285
8242 8118
8243 2560
8244 2
8245 811
8246 1801
8247 412
8248 6637
8249 4065
8250 760
8251 1989
8252 1709
8253 1
8254 731
8255 303
8256 7806
8257 2228
8258 4067
8259 4613
8260 224
8261 4507
8262 2760
8263 4775
8264 1686
8265 246
8266 2978
8267 150
8268 4949
8269 2232
8270 2770
8271 364
8272 910
8273 106
8274 612
8275 7172
8276 114
8277 6381
8278 3508
8279 3543
8280 4492
8281 2543
8282 918
8283 2180
8284 961
8285 2204
8286 558
8287 8032
8288 74
8289 7254
8290 911
8291 3131
8292 175
8293 2833
8294 152
8295 1626
8296 1421
8297 7
8298 1587
8299 346
8300 218
8301 3044
8302 2451
8303 5157
8304 4552
8305 4025
8306 700
8307 8212
8308 1479
8309 8190
8310 3714
8311 182
8312 4006
8313 152
8314 7194
8315 2630
8316 7985
8317 449
8318 148
8319 1516
8320 152
8321 7831
8322 7167
8323 89
8324 3577
8325 3416
8326 3731
8327 1311
8328 8096
8329 5043
8330 2431
8331 5539
8332 6459
8333 5343
8334 5908
8335 1149
8336 157
8337 954
8338 40
8339 6842
8340 4190
8341 2844
8342 8165
8343 2418
8344 2205
8345 1770
8346 865
8347 371
8348 6973
8349 5465
8350 383
8351 6582
8352 466
8353 1959
8354 235
8355 1709
8356 461
8357 2393
8358 2383
8359 5140
8360 7289
8361 1040
8362 666
8363 121
8364 4470
8365 7762
8366 211
8367 213
8368 235
8369 1024
8370 7376
8371 8016
8372 710
8373 8033
8374 6376
8375 859
8376 7951
8377 1602
8378 1
8379 293
8380 346
8381 818
8382 2711
8383 1353
8384 2555
8385 475
8386 8376
8387 21
8388 7646
8389 799
8390 6468
8391 1549
8392 15
8393 3286
8394 774
8395 1532
8396 9
8397 1063
8398 7603
8399 0
8400 2162
8401 7595
8402 1968
8403 3953
8404 8206
8405 7145
8406 1024
8407 3379
8408 6636
8409 6631
8410 5121
8411 1177
8412 1650
8413 328
8414 18
8415 3576
8416 660
8417 6925
8418 3684
8419 1772
8420 1490
8421 1309
8422 3297
8423 5427
8424 218
8425 1177
8426 2369
8427 323
8428 3876
8429 3516
8430 1888
8431 1566
8432 6254
8433 627
8434 2788
8435 3597
8436 294
8437 2587
8438 454
8439 720
8440 79
8441 2460
8442 4237
8443 5635
8444 4811
8445 1008
8446 791
8447 8083
8448 3406
8449 40
8450 3714
8451 1156
8452 4903
8453 3520
8454 1983
8455 5
8456 119
8457 664
8458 281
8459 15
8460 2
8461 6911
8462 4670
8463 3056
8464 8005
8465 970
8466 1173
8467 3726
8468 5130
8469 1542
8470 122
8471 4580
8472 1853
8473 3
8474 180
8475 4286
8476 5461
8477 2
8478 4571
8479 1262
8480 6573
8481 380
8482 5441
8483 3603
8484 3588
8485 845
8486 7442
8487 7160
8488 5635
8489 7193
8490 4709
8491 4900
8492 1
8493 3233
8494 2818
8495 1003
8496 3200
8497 69
8498 833
8499 3667
8500 325
8501 2112
8502 1329
8503 84
8504 6985
8505 6723
8506 4375
8507 1445
8508 5080
8509 7293
8510 2582
8511 2305
8512 794
8513 4432
8514 214
8515 870
8516 662
8517 32
8518 565
8519 6776
8520 245
8521 5427
8522 8418
8523 601
8524 56
8525 3806
8526 2645
8527 163
8528 2895
8529 1156
8530 103
8531 4512
8532 1375
8533 138
8534 383
8535 183
8536 1053
8537 2769
8538 1017
8539 1549
8540 1283
8541 160
8542 4498
8543 4183
8544 396
8545 6891
8546 63
8547 2560
8548 1162
8549 7849
8550 2099
8551 23
8552 145
8553 819
8554 8245
8555 3561
8556 462
8557 1053
8558 23
8559 138
8560 4347
8561 7373
8562 5026
8563 147
8564 6723
8565 79
8566 2243
8567 811
8568 4988
8569 1523
8570 398
8571 1525
8572 6796
8573 208
8574 3
8575 6765
8576 8027
8577 7639
8578 451
8579 3820
8580 306
8581 1926
8582 1965
8583 242
8584 4022
8585 4851
8586 10
8587 192
8588 8161
8589 1139
8590 450
8591 101
8592 6529
8593 1549
8594 2736
8595 674
8596 3943
8597 2744
8598 2
8599 3761
8600 182
8601 4228
8602 5616
8603 426
8604 42
8605 6681
8606 8423
8607 4326
8608 7652
8609 8069
8610 2217
8611 230
8612 2392
8613 2037
8614 5797
8615 3557
8616 6048
8617 1042
8618 5473
8619 268
8620 1118
8621 5752
8622 0
8623 2404
8624 7834
8625 1522
8626 29
8627 4533
8628 943
8629 134
8630 477
8631 7831
8632 2338
8633 2870
8634 6720
8635 5586
8636 508
8637 3382
8638 7665
8639 1700
8640 2628
8641 8427
8642 127
8643 4028
8644 4276
8645 702
8646 7285
8647 2540
8648 3543
8649 375
8650 168
8651 732
8652 8067
8653 414
8654 83
8655 2147
8656 6782
8657 1277
8658 93
8659 346
8660 7487
8661 5065
8662 1717
8663 2914
8664 7844
8665 115
8666 1949
8667 819
8668 539
8669 91
8670 8443
8671 2
8672 475
8673 7426
8674 2731
8675 2
8676 2823
8677 2630
8678 7729
8679 3084
8680 226
8681 1092
8682 529
8683 303
8684 7087
8685 2084
8686 0
8687 5237
8688 3405
8689 4104
8690 5763
8691 2907
8692 85
8693 6706
8694 4428
8695 3070
8696 2436
8697 770
8698 7065
8699 2
8700 1893
8701 1632
8702 1
8703 10
8704 1904
8705 3216
8706 2964
8707 152
8708 2290
8709 1350
8710 6383
8711 293
8712 2282
8713 4543
8714 2960
8715 4941
8716 5760
8717 7839
8718 8684
8719 5427
8720 230
8721 3335
8722 3142
8723 6937
8724 8392
8725 624
8726 6903
8727 4299
8728 1245
8729 8653
8730 5133
8731 1284
8732 5574
8733 183
8734 4070
8735 4970
8736 4925
8737 5170
8738 495
8739 152
8740 1752
8741 862
8742 1328
8743 1031
8744 6025
8745 190
8746 6885
8747 1
8748 6621
8749 981
8750 182
8751 3257
8752 2359
8753 1127
8754 184
8755 976
8756 622
8757 152
8758 3152
8759 665
8760 3661
8761 1
8762 7960
8763 1
8764 4180
8765 257
8766 1764
8767 24
8768 3480
8769 21
8770 6400
8771 749
8772 5855
8773 427
8774 33
8775 5157
8776 732
8777 1177
8778 294
8779 156
8780 5283
8781 5285
8782 674
8783 8275
8784 4874
8785 1
8786 1541
8787 518
8788 214
8789 83
8790 559
8791 945
8792 2387
8793 6
8794 3425
8795 3785
8796 105
8797 6429
8798 2545
8799 2315
8800 3880
8801 0
8802 5
8803 2
8804 3206
8805 1646
8806 286
8807 5729
8808 44
8809 4
8810 5288
8811 1950
8812 5203
8813 5962
8814 1
8815 624
8816 7559
8817 2788
8818 3972
8819 143
8820 1406
8821 264
8822 7
8823 2589
8824 429
8825 4002
8826 434
8827 496
8828 2733
8829 7775
8830 8161
8831 1029
8832 1836
8833 49
8834 4057
8835 7316
8836 865
8837 3966
8838 5929
8839 1944
8840 1651
8841 4359
8842 546
8843 2271
8844 3349
8845 1578
8846 5100
8847 2493
8848 268
8849 7650
8850 1655
8851 3724
8852 662
8853 5543
8854 7710
8855 562
8856 8661
8857 1626
8858 1993
8859 6116
8860 32
8861 2965
8862 2347
8863 1502
8864 3577
8865 3526
8866 7960
8867 4299
8868 8605
8869 33
8870 6330
8871 1518
8872 3410
8873 6167
8874 1954
8875 7175
8876 3332
8877 7652
8878 4326
8879 2018
8880 3615
8881 7574
8882 2329
8883 3346
8884 2960
8885 5449
8886 4190
8887 1801
8888 105
8889 4523
8890 1329
8891 3902
8892 334
8893 984
8894 5252
8895 592
8896 6616
8897 7682
8898 816
8899 669
8900 339
8901 200
8902 7173
8903 8189
8904 7748
8905 5616
8906 3043
8907 1829
8908 3106
8909 98
8910 5606
8911 1844
8912 2160
8913 622
8914 0
8915 8841
8916 3813
8917 1340
8918 6214
8919 5393
8920 7000
8921 6527
8922 549
8923 118
8924 10
8925 232
8926 54
8927 28
8928 6167
8929 199
8930 1967
8931 4175
8932 10
8933 6739
8934 1477
8935 63
8936 4339
8937 6603
8938 2
8939 144
8940 7358
8941 126
8942 5570
8943 2083
8944 7949
8945 2903
8946 767
8947 7664
8948 1214
8949 542
8950 4281
8951 2634
8952 3944
8953 49
8954 3553
8955 4793
8956 521
8957 1763
8958 3023
8959 3963
8960 638
8961 1193
8962 1954
8963 174
8964 237
8965 2904
8966 2958
8967 1556
8968 661
8969 386
8970 2201
8971 15
8972 1904
8973 2715
8974 411
8975 460
8976 492
8977 1295
8978 2
8979 4190
8980 132
8981 1529
8982 1128
8983 4400
8984 5929
8985 2338
8986 1300
8987 401
8988 7945
8989 8105
8990 323
8991 2919
8992 7598
8993 2869
8994 3139
8995 8931
8996 4680
8997 0
8998 1369
8999 538
9000 4
9001 7694
9002 8869
9003 2154
9004 3995
9005 1244
9006 1263
9007 2
9008 3654
9009 140
9010 124
9011 4529
9012 6474
9013 1063
9014 4451
9015 6833
9016 4901
9017 349
9018 3603
9019 1490
9020 6246
9021 6822
9022 3355
9023 7763
9024 3046
9025 3658
9026 1579
9027 5459
9028 1562
9029 1020
9030 3520
9031 2354
9032 1568
9033 0
9034 5630
9035 6954
9036 2124
9037 8526
9038 1155
9039 6291
9040 1828
9041 226
9042 6100
9043 3279
9044 0
9045 7372
9046 1429
9047 953
9048 6917
9049 61
9050 5768
9051 972
9052 164
9053 5639
9054 901
9055 2762
9056 36
9057 1300
9058 5900
9059 218
9060 2017
9061 143
9062 6133
9063 6041
9064 6724
9065 1085
9066 1755
9067 5889
9068 1436
9069 199
9070 6
9071 920
9072 0
9073 4719
9074 3520
9075 109
9076 3114
9077 1175
9078 6923
9079 8770
9080 4284
9081 2
9082 3019
9083 171
9084 3280
9085 4535
9086 2944
9087 7488
9088 452
9089 2203
9090 7360
9091 8332
9092 3813
9093 1146
9094 944
9095 1589
9096 6627
9097 5144
9098 5471
9099 2
9100 1637
9101 88
9102 33
9103 5307
9104 4104
9105 8677
9106 826
9107 185
9108 121
9109 1398
9110 1163
9111 1767
9112 4135
9113 5274
9114 8008
9115 237
9116 2387
9117 3
9118 1555
9119 126
9120 7945
9121 3177
9122 121
9123 277
9124 499
9125 1449
9126 477
9127 464
9128 7467
9129 7983
9130 7658
9131 1578
9132 111
9133 1646
9134 6899
9135 134
9136 6499
9137 8837
9138 7663
9139 5353
9140 3908
9141 56
9142 6637
9143 7894
9144 1207
9145 8707
9146 189
9147 7103
9148 4251
9149 2805
9150 4119
9151 8506
9152 111
9153 310
9154 227
9155 8187
9156 23
9157 7
9158 1800
9159 6010
9160 2874
9161 2414
9162 623
9163 21
9164 2649
9165 184
9166 4098
9167 0
9168 8196
9169 4654
9170 6106
9171 363
9172 5625
9173 7612
9174 182
9175 1130
9176 917
9177 505
9178 4874
9179 7889
9180 1920
9181 2334
9182 8241
9183 7143
9184 4400
9185 4530
9186 1
9187 3033
9188 1972
9189 2069
9190 3720
9191 1445
9192 1429
9193 1
9194 2136
9195 189
9196 918
9197 4110
9198 1934
9199 4086
9200 1793
9201 7
9202 3575
9203 6197
9204 3608
9205 5627
9206 5721
9207 624
9208 129
9209 2
9210 2445
9211 83
9212 4646
9213 2305
9214 3676
9215 8494
9216 3984
9217 2049
9218 8031
9219 2397
9220 1062
9221 817
9222 648
9223 6859
9224 1
9225 6731
9226 2739
9227 26
9228 3175
9229 6363
9230 1
9231 5
9232 6114
9233 5092
9234 537
9235 240
9236 6344
9237 9116
9238 192
9239 6802
9240 1492
9241 4451
9242 3382
9243 993
9244 6734
9245 3020
9246 7229
9247 8352
9248 1
9249 4798
9250 2145
9251 1278
9252 93
9253 2414
9254 2960
9255 5186
9256 24
9257 1357
9258 4393
9259 971
9260 2
9261 6756
9262 7339
9263 4349
9264 3206
9265 2431
9266 6830
9267 7789
9268 3056
9269 608
9270 1042
9271 2
9272 6109
9273 3005
9274 1314
9275 4910
9276 6279
9277 199
9278 4034
9279 624
9280 5643
9281 3309
9282 2102
9283 7808
9284 4458
9285 2630
9286 2911
9287 574
9288 340
9289 6512
9290 1815
9291 3543
9292 6394
9293 1346
9294 1733
9295 6722
9296 920
9297 8245
9298 8247
9299 8003
9300 3056
9301 4241
9302 697
9303 624
9304 5
9305 6414
9306 2266
9307 2951
9308 75
9309 42
9310 4346
9311 8195
9312 10
9313 192
9314 2
9315 57
9316 3332
9317 271
9318 10
9319 412
9320 132
9321 1270
9322 3362
9323 5658
9324 5114
9325 1905
9326 5314
9327 1632
9328 3110
9329 2668
9330 558
9331 370
9332 40
9333 5638
9334 3826
9335 5328
9336 5827
9337 3149
9338 7612
9339 548
9340 3962
9341 3226
9342 2077
9343 4765
9344 7498
9345 947
9346 2548
9347 8164
9348 6265
9349 4018
9350 3429
9351 188
9352 3112
9353 3
9354 605
9355 6094
9356 2
9357 2466
9358 5452
9359 8105
9360 9127
9361 4454
9362 5869
9363 7366
9364 6566
9365 2232
9366 7858
9367 1128
9368 6351
9369 6430
9370 6458
9371 1092
9372 10
9373 1146
9374 903
9375 8564
9376 2068
9377 8876
9378 3806
9379 4887
9380 7577
9381 3523
9382 3395
9383 393
9384 961
9385 5695
9386 5524
9387 6753
9388 2180
9389 1719
9390 183
9391 3351
9392 365
9393 4965
9394 7587
9395 899
9396 310
9397 175
9398 1177
9399 2575
9400 7783
9401 2237
9402 5723
9403 3271
9404 1038
9405 1648
9406 737
9407 4534
9408 7938
9409 7325
9410 977
9411 6522
9412 7766
9413 49
9414 293
9415 443
9416 189
9417 2261
9418 5865
9419 415
9420 1804
9421 1936
9422 1133
9423 696
9424 7271
9425 7016
9426 229
9427 8161
9428 8418
9429 2039
9430 9163
9431 1737
9432 7052
9433 1366
9434 2798
9435 7130
9436 107
9437 622
9438 468
9439 3593
9440 1883
9441 4806
9442 6168
9443 6278
9444 1950
9445 2249
9446 632
9447 4038
9448 7201
9449 8197
9450 594
9451 1204
9452 5347
9453 631
9454 3793
9455 2016
9456 5198
9457 467
9458 1849
9459 1421
9460 2290
9461 3567
9462 3768
9463 7107
9464 2628
9465 506
9466 338
9467 475
9468 2349
9469 5076
9470 5889
9471 29
9472 698
9473 12
9474 3587
9475 1340
9476 4171
9477 4623
9478 2866
9479 3966
9480 1307
9481 5892
9482 1200
9483 7779
9484 6387
9485 7926
9486 2
9487 1119
9488 2623
9489 6649
9490 7772
9491 1982
9492 4935
9493 177
9494 7345
9495 852
9496 5574
9497 4324
9498 40
9499 6866
9500 242
9501 154
9502 1449
9503 3
9504 3928
9505 1283
9506 2736
9507 1340
9508 406
9509 8763
9510 2769
9511 9148
9512 2556
9513 3941
9514 3453
9515 3855
9516 3037
9517 7839
9518 988
9519 5274
9520 9491
9521 3963
9522 9298
9523 56
9524 38
9525 9313
9526 125
9527 6681
9528 2282
9529 608
9530 6283
9531 98
9532 799
9533 152
9534 475
9535 276
9536 6969
9537 29
9538 4017
9539 6589
9540 762
9541 8327
9542 2362
9543 105
9544 538
9545 9298
9546 5491
9547 2176
9548 1836
9549 143
9550 134
9551 200
9552 8929
9553 2283
9554 1608
9555 1163
9556 2250
9557 2778
9558 2353
9559 634
9560 3808
9561 1558
9562 1064
9563 2290
9564 3367
9565 6449
9566 722
9567 6151
9568 481
9569 1770
9570 942
9571 8048
9572 3550
9573 4527
9574 2159
9575 124
9576 2196
9577 476
9578 7432
9579 2546
9580 1748
9581 6986
9582 6008
9583 4489
9584 681
9585 134
9586 257
9587 2628
9588 2179
9589 2932
9590 8855
9591 9230
9592 228
9593 2248
9594 6582
9595 4416
9596 1055
9597 4703
9598 825
9599 7553
9600 93
9601 4368
9602 263
9603 8969
9604 1982
9605 4608
9606 859
9607 5635
9608 476
9609 4093
9610 901
9611 9537
9612 15
9613 6149
9614 2265
9615 240
9616 5414
9617 375
9618 2762
9619 0
9620 29
9621 405
9622 538
9623 96
9624 30
9625 5452
9626 5730
9627 2338
9628 795
9629 4365
9630 6612
9631 21
9632 7104
9633 7926
9634 168
9635 2103
9636 3520
9637 6623
9638 3290
9639 2176
9640 2253
9641 2295
9642 4021
9643 1024
9644 1173
9645 37
9646 175
9647 2
9648 1020
9649 769
9650 72
9651 1303
9652 6095
9653 63
9654 6499
9655 1185
9656 1361
9657 1344
9658 8165
9659 7966
9660 5663
9661 15
9662 408
9663 3169
9664 8075
9665 199
9666 1653
9667 22
9668 1410
9669 1403
9670 5080
9671 902
9672 910
9673 6933
9674 6208
9675 22
9676 7983
9677 246
9678 2000
9679 1359
9680 8008
9681 6762
9682 4128
9683 1008
9684 5689
9685 272
9686 9659
9687 164
9688 240
9689 1667
9690 973
9691 37
9692 3761
9693 2775
9694 2704
9695 1456
9696 4897
9697 910
9698 2315
9699 2747
9700 3972
9701 7
9702 7780
9703 9359
9704 5641
9705 5505
9706 8735
9707 7748
9708 6867
9709 1
9710 8495
9711 9399
9712 2169
9713 586
9714 1326
9715 5452
9716 3453
9717 7199
9718 6857
9719 2354
9720 2466
9721 7084
9722 750
9723 611
9724 500
9725 673
9726 4475
9727 75
9728 5046
9729 466
9730 163
9731 7115
9732 5652
9733 7930
9734 24
9735 7740
9736 9008
9737 182
9738 2992
9739 5046
9740 6010
9741 8418
9742 7234
9743 757
9744 9574
9745 6013
9746 3924
9747 4539
9748 1813
9749 8984
9750 345
9751 206
9752 2766
9753 3241
9754 1525
9755 8044
9756 2343
9757 5496
9758 1062
9759 8224
9760 1968
9761 3774
9762 1414
9763 182
9764 4319
9765 2237
9766 8547
9767 42
9768 11
9769 6760
9770 1215
9771 3017
9772 8139
9773 4246
9774 817
9775 985
9776 2405
9777 4075
9778 182
9779 979
9780 8792
9781 4452
9782 4411
9783 2046
9784 1543
9785 1340
9786 3121
9787 4147
9788 7053
9789 8587
9790 8359
9791 6146
9792 1820
9793 222
9794 3137
9795 4037
9796 6186
9797 4430
9798 36
9799 412
9800 295
9801 3344
9802 1345
9803 3315
9804 8499
9805 1069
9806 20
9807 6987
9808 6
9809 8272
9810 6978
9811 9545
9812 1343
9813 3759
9814 4823
9815 1949
9816 797
9817 8425
9818 8690
9819 539
9820 761
9821 263
9822 4780
9823 697
9824 538
9825 1270
9826 860
9827 6229
9828 154
9829 6382
9830 5257
9831 4178
9832 3062
9833 7
9834 8097
9835 182
9836 56
9837 2317
9838 5859
9839 622
9840 4695
9841 3667
9842 0
9843 414
9844 1834
9845 6424
9846 2161
9847 6132
9848 1622
9849 7207
9850 9355
9851 3241
9852 722
9853 297
9854 4254
9855 2981
9856 2092
9857 4711
9858 2100
9859 309
9860 294
9861 3522
9862 2
9863 1710
9864 1747
9865 5605
9866 3061
9867 5037
9868 124
9869 57
9870 7185
9871 3253
9872 3340
9873 3793
9874 229
9875 3880
9876 1660
9877 4419
9878 8693
9879 6711
9880 1
9881 4303
9882 1509
9883 5438
9884 7260
9885 147
9886 3528
9887 2736
9888 5343
9889 2649
9890 524
9891 2762
9892 9320
9893 300
9894 6394
9895 240
9896 3
9897 346
9898 299
9899 9245
9900 1132
9901 2107
9902 2275
9903 2695
9904 7105
9905 5741
9906 93
9907 38
9908 118
9909 7
9910 7570
9911 2906
9912 1450
9913 5651
9914 363
9915 9268
9916 3742
9917 3209
9918 79
9919 5133
9920 5195
9921 91
9922 29
9923 5371
9924 91
9925 63
9926 5046
9927 391
9928 4504
9929 5020
9930 8332
9931 4885
9932 3397
9933 1555
9934 3743
9935 2000
9936 4440
9937 5684
9938 8601
9939 2390
9940 7509
9941 226
9942 6432
9943 3411
9944 6757
9945 2140
9946 4434
9947 4055
9948 3916
9949 2236
9950 2347
9951 1024
9952 134
9953 3614
9954 4582
9955 7184
9956 4177
9957 634
9958 310
9959 2606
9960 4681
9961 3550
9962 443
9963 7705
9964 440
9965 22
9966 9902
9967 1353
9968 658
9969 527
9970 4
9971 4
9972 3125
9973 4256
9974 12
9975 697
9976 4621
9977 0
9978 1532
9979 860
9980 2755
9981 450
9982 8555
9983 269
9984 4102
9985 124
9986 115
9987 60
9988 700
9989 6
9990 1665
9991 5267
9992 1769
9993 2
9994 5816
9995 3885
9996 115
9997 0
9998 262
9999 9016
