1000
0 1
0 2
0 3
0 4
1 2
1 3
1 4
2 3
2 4
3 4
5 0
6 0
7 4
8 2
9 2
10 1
11 0
12 4
13 4
14 11
15 2
16 3
17 10
18 0
19 0
20 4
21 5
22 0
23 2
24 0
25 3
26 8
27 4
28 23
29 19
30 4
31 0
32 10
33 4
34 12
35 27
36 19
37 2
38 0
39 19
40 3
41 12
42 21
43 42
44 4
45 2
46 44
47 22
48 24
49 19
50 0
51 19
52 40
53 3
54 6
55 29
56 10
57 3
58 3
59 4
60 2
61 10
62 48
63 50
64 0
65 51
66 12
67 14
68 4
69 67
70 13
71 3
72 0
73 65
74 0
75 14
76 7
77 4
78 65
79 19
80 12
81 70
82 0
83 48
84 49
85 58
86 1
87 0
88 42
89 66
90 34
91 49
92 48
93 92
94 72
95 3
96 4
97 8
98 22
99 33
100 70
101 13
102 70
103 4
104 14
105 27
106 19
107 4
108 3
109 2
110 33
111 70
112 0
113 29
114 24
115 104
116 65
117 33
118 92
119 46
120 83
121 3
122 4
123 63
124 2
125 1
126 4
127 0
128 19
129 0
130 65
131 114
132 4
133 3
134 10
135 104
136 56
137 3
138 63
139 17
140 17
141 31
142 3
143 48
144 100
145 48
146 132
147 45
148 3
149 143
150 20
151 3
152 48
153 4
154 33
155 29
156 143
157 2
158 4
159 12
160 60
161 2
162 65
163 60
164 103
165 4
166 33
167 20
168 4
169 0
170 137
171 27
172 3
173 154
174 24
175 3
176 137
177 2
178 3
179 1
180 19
181 5
182 3
183 108
184 33
185 18
186 32
187 119
188 161
189 71
190 4
191 82
192 157
193 6
194 143
195 38
196 46
197 65
198 132
199 111
200 38
201 180
202 72
203 33
204 137
205 94
206 100
207 201
208 189
209 151
210 13
211 59
212 52
213 2
214 33
215 66
216 164
217 39
218 114
219 164
220 112
221 142
222 111
223 123
224 0
225 175
226 61
227 48
228 1
229 115
230 52
231 104
232 108
233 4
234 195
235 175
236 185
237 67
238 3
239 48
240 234
241 6
242 48
243 21
244 63
245 189
246 48
247 51
248 161
249 33
250 6
251 250
252 4
253 102
254 98
255 0
256 0
257 154
258 137
259 24
260 46
261 121
262 121
263 6
264 182
265 134
266 181
267 2
268 2
269 156
270 108
271 8
272 8
273 2
274 40
275 249
276 248
277 42
278 18
279 135
280 19
281 167
282 171
283 48
284 19
285 6
286 0
287 6
288 278
289 13
290 190
291 4
292 46
293 107
294 4
295 198
296 4
297 289
298 17
299 12
300 3
301 10
302 121
303 144
304 189
305 146
306 171
307 137
308 124
309 1
310 112
311 12
312 29
313 152
314 3
315 180
316 87
317 100
318 111
319 33
320 155
321 4
322 4
323 70
324 237
325 208
326 104
327 175
328 30
329 4
330 94
331 29
332 114
333 92
334 60
335 19
336 45
337 48
338 65
339 70
340 48
341 23
342 2
343 46
344 19
345 151
346 153
347 92
348 176
349 175
350 310
351 70
352 310
353 33
354 70
355 94
356 152
357 53
358 130
359 349
360 4
361 156
362 42
363 106
364 100
365 246
366 0
367 24
368 148
369 108
370 310
371 24
372 349
373 19
374 262
375 174
376 72
377 248
378 0
379 5
380 180
381 181
382 70
383 129
384 206
385 378
386 180
387 29
388 210
389 7
390 0
391 98
392 3
393 6
394 319
395 237
396 210
397 70
398 0
399 136
400 108
401 2
402 116
403 60
404 17
405 59
406 154
407 171
408 192
409 116
410 30
411 266
412 55
413 182
414 39
415 0
416 3
417 111
418 244
419 19
420 2
421 2
422 6
423 208
424 33
425 2
426 98
427 89
428 112
429 83
430 5
431 33
432 293
433 195
434 140
435 189
436 47
437 2
438 426
439 124
440 0
441 317
442 0
443 60
444 105
445 142
446 233
447 191
448 124
449 0
450 4
451 426
452 12
453 51
454 161
455 159
456 4
457 136
458 417
459 55
460 317
461 437
462 29
463 27
464 81
465 302
466 374
467 24
468 261
469 210
470 98
471 30
472 193
473 4
474 19
475 4
476 137
477 0
478 10
479 161
480 89
481 3
482 210
483 65
484 331
485 4
486 459
487 0
488 3
489 114
490 280
491 427
492 27
493 60
494 283
495 118
496 267
497 208
498 214
499 276
500 0
501 23
502 20
503 152
504 198
505 180
506 65
507 22
508 24
509 200
510 10
511 270
512 8
513 2
514 208
515 4
516 463
517 116
518 185
519 431
520 0
521 174
522 259
523 124
524 2
525 102
526 137
527 303
528 2
529 103
530 505
531 112
532 53
533 104
534 282
535 19
536 12
537 70
538 473
539 501
540 31
541 2
542 4
543 142
544 9
545 137
546 4
547 383
548 69
549 98
550 54
551 266
552 171
553 420
554 307
555 383
556 260
557 81
558 487
559 189
560 69
561 154
562 112
563 92
564 29
565 3
566 100
567 120
568 46
569 4
570 22
571 359
572 150
573 241
574 426
575 30
576 277
577 34
578 81
579 3
580 115
581 28
582 359
583 134
584 0
585 38
586 243
587 104
588 18
589 545
590 5
591 366
592 528
593 13
594 198
595 2
596 66
597 48
598 143
599 404
600 415
601 304
602 61
603 382
604 222
605 2
606 2
607 10
608 349
609 2
610 152
611 525
612 24
613 21
614 3
615 285
616 293
617 142
618 38
619 300
620 84
621 20
622 29
623 112
624 129
625 459
626 597
627 115
628 1
629 157
630 1
631 349
632 199
633 424
634 65
635 29
636 167
637 112
638 102
639 622
640 598
641 459
642 479
643 59
644 10
645 641
646 248
647 134
648 563
649 296
650 427
651 175
652 194
653 12
654 585
655 437
656 12
657 2
658 70
659 4
660 4
661 163
662 0
663 189
664 484
665 163
666 289
667 353
668 311
669 0
670 20
671 289
672 72
673 3
674 8
675 572
676 29
677 97
678 210
679 14
680 0
681 310
682 388
683 336
684 3
685 215
686 587
687 593
688 119
689 162
690 473
691 585
692 234
693 353
694 174
695 156
696 13
697 663
698 210
699 48
700 181
701 330
702 300
703 4
704 193
705 248
706 301
707 161
708 210
709 228
710 134
711 12
712 167
713 371
714 1
715 2
716 180
717 69
718 1
719 38
720 4
721 104
722 198
723 239
724 250
725 632
726 426
727 176
728 161
729 292
730 340
731 116
732 161
733 159
734 356
735 190
736 51
737 250
738 53
739 350
740 189
741 649
742 37
743 121
744 248
745 446
746 630
747 331
748 497
749 190
750 34
751 12
752 605
753 46
754 303
755 0
756 659
757 53
758 558
759 55
760 687
761 180
762 6
763 129
764 362
765 140
766 4
767 439
768 4
769 143
770 92
771 65
772 432
773 89
774 82
775 2
776 237
777 171
778 29
779 4
780 739
781 584
782 175
783 104
784 501
785 18
786 17
787 2
788 12
789 161
790 112
791 614
792 137
793 129
794 317
795 70
796 3
797 523
798 639
799 671
800 646
801 467
802 19
803 244
804 1
805 514
806 198
807 597
808 59
809 609
810 260
811 118
812 531
813 201
814 716
815 137
816 254
817 451
818 632
819 95
820 24
821 446
822 420
823 632
824 3
825 411
826 634
827 107
828 4
829 19
830 137
831 4
832 366
833 246
834 550
835 639
836 490
837 321
838 667
839 642
840 182
841 5
842 116
843 119
844 389
845 7
846 3
847 12
848 179
849 421
850 46
851 124
852 810
853 320
854 386
855 700
856 112
857 632
858 540
859 152
860 3
861 193
862 185
863 163
864 194
865 467
866 750
867 72
868 13
869 5
870 4
871 822
872 138
873 48
874 810
875 608
876 29
877 10
878 29
879 103
880 274
881 161
882 285
883 156
884 116
885 124
886 302
887 154
888 15
889 387
890 881
891 426
892 137
893 639
894 600
895 564
896 121
897 0
898 189
899 353
900 363
901 362
902 577
903 124
904 115
905 134
906 104
907 427
908 14
909 72
910 393
911 657
912 94
913 14
914 314
915 0
916 774
917 130
918 222
919 111
920 63
921 72
922 635
923 10
924 359
925 2
926 177
927 127
928 19
929 525
930 402
931 0
932 587
933 276
934 72
935 152
936 100
937 225
938 474
939 655
940 48
941 182
942 127
943 2
944 3
945 33
946 284
947 644
948 157
949 657
950 81
951 27
952 118
953 827
954 311
955 124
956 182
957 360
958 852
959 150
960 2
961 174
962 320
963 532
964 710
965 12
966 5
967 418
968 659
969 310
970 411
971 935
972 0
973 823
974 33
975 912
976 248
977 72
978 499
979 321
980 675
981 672
982 419
983 520
984 395
985 118
986 264
987 426
988 106
989 739
990 178
991 831
992 72
993 898
994 10
995 161
996 687
997 922
998 112
999 259
